host_id,host_listings_total_count,host_listings_entire_homes_count,host_listings_private_rooms_count,host_listings_shared_rooms_count
4645,1,0,1,0
5059,5,0,5,0
5061,2,0,2,0
5803,1,0,1,0
7086,3,0,3,0
6527,1,1,0,0
5782,2,0,2,0
17633,32,32,0,0
32015,4,1,3,0
53927,1,1,0,0
100727,3,3,0,0
117099,1,1,0,0
36646,2,1,1,0
138459,11,0,11,0
50148,3,3,0,0
301975,1,0,1,0
315148,40,1,39,0
332901,1,1,0,0
96456433,13,11,2,0
481929,4,0,4,0
723470,1,1,0,0
738459,5,3,2,0
745305,2,1,1,0
835242,1,0,1,0
852801,2,1,1,0
956417,1,1,0,0
966613,3,0,3,0
983611,1,1,0,0
1005751,2,0,2,0
1159505,4,0,4,0
1505235,1,1,0,0
1528235,1,1,0,0
1541062,2,0,2,0
1563230,1,1,0,0
767543,1,1,0,0
1651634,2,2,0,0
1722407,1,1,0,0
1096793,1,1,0,0
1907809,1,1,0,0
2038963,1,1,0,0
2170422,2,0,2,0
40168,1,1,0,0
2252538,1,1,0,0
2583808,2,2,0,0
2666087,1,1,0,0
2761762,5,5,0,0
2771266,2,2,0,0
3027744,1,1,0,0
3111772,2,2,0,0
1671809,2,1,1,0
2231801,3,0,3,0
3517743,4,0,4,0
3672670,15,1,14,0
3138065,2,2,0,0
1399272,1,1,0,0
4027780,1,1,0,0
4071043,4,1,3,0
3885360,1,1,0,0
4219994,1,1,0,0
3765717,1,0,1,0
3825475,1,0,1,0
2236092,1,1,0,0
511136,4,1,3,0
4597024,1,1,0,0
4608059,1,1,0,0
1541121,1,1,0,0
4698675,1,1,0,0
4717941,1,1,0,0
4280278,4,4,0,0
4752493,1,0,1,0
4795247,2,2,0,0
4977214,1,0,1,0
5121445,1,0,1,0
1662757,4,4,0,0
2070536,1,1,0,0
5771803,1,1,0,0
5956393,2,2,0,0
6076215,1,1,0,0
6105873,2,2,0,0
192856,1,1,0,0
6353432,1,1,0,0
6027536,2,2,0,0
6483445,3,3,0,0
6686327,1,1,0,0
5448602,4,1,3,0
5243622,1,1,0,0
4928965,1,1,0,0
7630547,3,1,2,0
7882953,3,0,3,0
2639916,1,0,1,0
2629218,2,2,0,0
7777552,1,1,0,0
8199495,1,1,0,0
8354112,2,2,0,0
3343073,1,0,1,0
8591234,8,8,0,0
8654665,1,1,0,0
8713526,1,0,1,0
8828921,1,1,0,0
476581,1,1,0,0
9210898,1,1,0,0
9260186,1,1,0,0
9335278,1,1,0,0
9391057,2,2,0,0
9462131,2,0,2,0
3045892,1,1,0,0
7042945,2,0,2,0
9550761,1,0,1,0
4176601,1,0,1,0
9542055,2,0,2,0
10470695,1,1,0,0
9419684,46,46,0,0
9011212,3,3,0,0
10017900,1,1,0,0
3643066,1,1,0,0
10292686,19,19,0,0
10666699,1,1,0,0
3073728,4,3,1,0
9354986,5,0,5,0
10285421,1,0,1,0
10930361,1,1,0,0
11154497,1,1,0,0
11190236,1,0,1,0
11418968,1,1,0,0
774839,1,1,0,0
3574033,2,2,0,0
11630609,1,1,0,0
743745,1,0,1,0
11771833,2,2,0,0
8041566,1,1,0,0
11970274,1,0,1,0
11980555,6,5,1,0
12062787,1,1,0,0
6355960,3,0,3,0
12615669,1,0,1,0
4690322,1,1,0,0
11559071,4,1,3,0
3311328,3,3,0,0
1569728,3,0,3,0
12803481,1,0,1,0
12804388,2,0,2,0
9746136,1,1,0,0
11133326,1,1,0,0
1518143,1,1,0,0
11392153,1,1,0,0
2564662,1,1,0,0
11836210,1,1,0,0
8519659,2,2,0,0
1864688,2,2,0,0
14275599,3,0,3,0
14692970,6,6,0,0
13410248,2,2,0,0
5487930,16,1,15,0
5488431,1,1,0,0
15744022,1,1,0,0
15059128,1,1,0,0
5968774,1,1,0,0
16213289,1,1,0,0
14139251,1,1,0,0
7737475,2,1,1,0
16750072,1,1,0,0
17078364,1,1,0,0
16633492,1,1,0,0
10327823,1,1,0,0
14448941,1,1,0,0
17818537,1,1,0,0
5872012,1,1,0,0
5047005,1,1,0,0
18332074,1,1,0,0
9703984,1,0,1,0
13242517,1,1,0,0
18466625,1,1,0,0
18657916,5,0,5,0
15185851,2,0,1,1
19301676,1,1,0,0
320772,1,1,0,0
19143862,9,0,7,2
476901,1,1,0,0
20236500,2,2,0,0
20224946,1,1,0,0
20548311,1,1,0,0
20724798,1,1,0,0
9581687,3,0,3,0
20915118,1,1,0,0
7808700,1,1,0,0
21032851,1,1,0,0
21132530,1,1,0,0
2071346,2,1,1,0
21506582,3,1,2,0
347943,1,1,0,0
17916157,1,1,0,0
22461157,1,1,0,0
1910090,1,1,0,0
4192192,2,2,0,0
5828131,1,1,0,0
7920042,2,1,1,0
8043437,4,0,4,0
11110008,1,1,0,0
22756175,1,0,1,0
23518749,1,1,0,0
22731277,3,3,0,0
5688329,1,1,0,0
2534048,1,1,0,0
4391573,3,3,0,0
23709660,1,1,0,0
18896296,5,3,2,0
23859573,1,1,0,0
23862725,1,1,0,0
17207062,3,3,0,0
21569885,2,1,1,0
24001443,1,1,0,0
24049370,1,1,0,0
5243080,6,6,0,0
24426199,2,1,1,0
23193071,1,1,0,0
24554688,1,1,0,0
14008393,1,1,0,0
16017173,15,0,2,13
24688905,1,1,0,0
3615132,1,1,0,0
24914253,3,3,0,0
5356790,3,0,3,0
23423028,1,1,0,0
1546598,1,1,0,0
25145497,1,1,0,0
4407379,1,1,0,0
12710712,1,1,0,0
25363242,2,0,2,0
22456488,2,1,1,0
25447150,1,1,0,0
7049884,1,1,0,0
21910309,2,2,0,0
14513477,1,1,0,0
25759283,1,1,0,0
10286762,1,1,0,0
22366497,1,0,1,0
2726546,3,2,1,0
25969674,2,2,0,0
26079515,1,0,1,0
10172779,1,1,0,0
22801633,4,4,0,0
25859907,2,2,0,0
3936592,4,1,3,0
22239362,2,2,0,0
26667291,1,1,0,0
26875971,1,1,0,0
4440623,1,1,0,0
19361397,1,1,0,0
27323824,6,6,0,0
10295815,2,2,0,0
27550391,2,2,0,0
27757663,1,1,0,0
27843930,1,1,0,0
25338537,1,1,0,0
28825130,6,6,0,0
29344017,1,1,0,0
29347194,1,0,1,0
10152762,1,1,0,0
6336395,1,1,0,0
7478562,1,1,0,0
30100464,2,2,0,0
6094598,1,0,1,0
2902940,1,1,0,0
30664423,1,1,0,0
7495211,1,1,0,0
10447928,1,1,0,0
15274203,1,0,1,0
29712821,1,0,1,0
18054783,1,0,1,0
30283594,91,91,0,0
5571655,3,2,1,0
79605,1,1,0,0
31520405,1,1,0,0
31516956,3,1,2,0
2379779,3,2,1,0
783034,1,1,0,0
27211012,2,2,0,0
7774762,1,1,0,0
18045188,1,0,1,0
9581259,1,1,0,0
34312,1,1,0,0
32927652,4,1,3,0
32959018,3,3,0,0
32837957,2,0,2,0
22653397,2,0,2,0
20282,2,1,1,0
9335473,1,1,0,0
2374185,3,3,0,0
29162373,2,0,2,0
33982959,2,2,0,0
6033141,2,2,0,0
4687058,1,1,0,0
34689948,1,1,0,0
26052091,1,1,0,0
9929955,1,1,0,0
21779640,1,1,0,0
24016367,1,1,0,0
35794807,1,1,0,0
35820399,1,1,0,0
25476243,2,2,0,0
32009941,2,0,2,0
37194861,1,0,1,0
21446930,2,2,0,0
6531855,1,1,0,0
37722870,1,1,0,0
7762489,1,1,0,0
13743641,5,5,0,0
38345667,1,1,0,0
38683977,3,0,3,0
604616,1,1,0,0
37919321,1,0,1,0
21178631,2,2,0,0
30732781,2,2,0,0
6757090,1,1,0,0
39382395,1,1,0,0
21014832,1,1,0,0
32851509,1,1,0,0
40313075,1,1,0,0
40315715,1,1,0,0
40644141,3,1,2,0
40709062,1,1,0,0
41047431,7,7,0,0
26589186,1,1,0,0
11671495,2,2,0,0
37251915,1,1,0,0
37085756,2,2,0,0
1562684,1,1,0,0
94251412,2,1,1,0
9624102,1,1,0,0
16820693,2,2,0,0
22145812,1,1,0,0
43723905,3,1,2,0
41656215,9,9,0,0
12843663,1,1,0,0
40308811,1,0,1,0
44025619,1,0,1,0
43619062,1,1,0,0
184501754,1,1,0,0
44167924,1,0,1,0
9296587,3,3,0,0
44466649,1,0,1,0
44658525,1,1,0,0
44706521,7,0,7,0
37035704,1,1,0,0
44461566,2,1,1,0
7442764,1,1,0,0
45325566,3,1,2,0
17098850,1,1,0,0
45858892,1,0,1,0
46154143,1,1,0,0
9691710,1,1,0,0
46326018,4,1,3,0
4346483,1,0,1,0
42722156,1,1,0,0
46630199,91,91,0,0
190082,1,1,0,0
47417669,1,1,0,0
47506145,1,1,0,0
5882214,1,1,0,0
7259037,1,1,0,0
9068009,1,1,0,0
47920043,1,1,0,0
3106861,1,1,0,0
33667191,1,1,0,0
11582224,2,2,0,0
48566288,2,1,1,0
19684173,2,2,0,0
19584745,2,2,0,0
37580895,1,1,0,0
3448315,21,10,11,0
13716353,1,1,0,0
49170773,1,1,0,0
2851775,1,1,0,0
873219,1,1,0,0
49437076,1,1,0,0
476644,1,1,0,0
49540988,1,1,0,0
49751707,1,1,0,0
9520083,1,1,0,0
5096803,1,1,0,0
49893745,2,0,2,0
33640455,1,1,0,0
50024522,1,1,0,0
50064790,1,1,0,0
39088137,1,1,0,0
36275317,1,1,0,0
50126620,1,1,0,0
17934570,5,3,2,0
4630059,1,1,0,0
44218721,1,1,0,0
50451043,1,1,0,0
29586376,1,1,0,0
49256800,1,1,0,0
20371167,2,0,2,0
35423680,1,1,0,0
3197708,1,1,0,0
4856178,1,1,0,0
16644446,17,17,0,0
29467361,1,0,1,0
51333359,1,1,0,0
9711482,1,0,1,0
25327630,1,1,0,0
44774918,1,1,0,0
46722229,2,2,0,0
25197983,1,1,0,0
51854674,1,1,0,0
23247942,2,2,0,0
3474736,6,6,0,0
7594209,1,0,1,0
52947245,1,1,0,0
53056625,1,1,0,0
40184950,4,4,0,0
3725621,1,0,1,0
28774061,1,1,0,0
44636030,1,0,1,0
53512798,1,1,0,0
53580080,13,12,0,0
53593416,1,1,0,0
18146689,1,1,0,0
6488932,2,0,2,0
53719149,1,1,0,0
53759813,1,1,0,0
53857552,1,0,1,0
54004997,1,1,0,0
18393059,3,3,0,0
54362762,1,1,0,0
46282344,1,1,0,0
54469632,1,1,0,0
54551407,1,0,1,0
30423702,1,1,0,0
5326343,1,1,0,0
16794398,1,1,0,0
54900784,1,1,0,0
40871759,1,0,1,0
10663585,2,2,0,0
4746,1,0,1,0
55252534,1,1,0,0
33104745,1,1,0,0
55825734,1,1,0,0
13137722,1,1,0,0
344019,1,1,0,0
15996895,1,1,0,0
15376899,1,1,0,0
56624653,3,3,0,0
24669071,1,1,0,0
53610057,1,1,0,0
21873212,1,1,0,0
5592835,1,1,0,0
57270424,1,1,0,0
34403,2,2,0,0
57817556,1,1,0,0
2491932,1,1,0,0
58113599,1,1,0,0
58166745,5,5,0,0
10532812,1,1,0,0
50071999,1,1,0,0
11657856,1,0,1,0
17051760,1,1,0,0
2245877,1,0,1,0
20527599,3,1,2,0
60902756,1,1,0,0
30602831,1,1,0,0
60195881,1,1,0,0
34195632,1,1,0,0
61680461,1,1,0,0
1998736,2,1,1,0
32782305,2,0,2,0
60639375,1,1,0,0
61861443,1,1,0,0
15365907,4,2,2,0
52087226,1,1,0,0
62638082,1,1,0,0
63078920,3,3,0,0
63247182,1,1,0,0
6165522,7,0,7,0
63949846,1,0,1,0
64096006,1,1,0,0
64358426,1,0,1,0
64793907,1,0,1,0
6340713,1,1,0,0
64489332,4,2,2,0
4687213,1,0,1,0
65403910,2,2,0,0
11438316,1,0,1,0
3221627,1,1,0,0
6116576,1,1,0,0
33300484,1,1,0,0
65969182,1,1,0,0
33054104,1,1,0,0
22059325,1,1,0,0
63763557,1,1,0,0
2216329,1,1,0,0
45509940,3,1,2,0
2055019,1,0,1,0
357532,1,1,0,0
32928805,1,1,0,0
67773788,1,1,0,0
31551607,1,1,0,0
19108276,1,1,0,0
68222993,1,1,0,0
68075987,2,2,0,0
7874690,1,0,1,0
68399594,1,1,0,0
10640529,1,1,0,0
33579876,4,0,4,0
45142183,1,1,0,0
41565910,2,1,1,0
9740953,1,1,0,0
415218,1,0,1,0
686959,1,1,0,0
69403545,1,1,0,0
44859433,1,1,0,0
6150789,1,1,0,0
65964736,1,1,0,0
10666566,1,1,0,0
5094757,1,1,0,0
63293808,1,1,0,0
64742005,1,1,0,0
70515834,1,1,0,0
9348212,1,1,0,0
70571367,2,1,1,0
70689374,2,2,0,0
16459170,1,0,0,1
5656,7,0,7,0
11310397,1,0,1,0
58228107,1,0,1,0
67905334,1,0,1,0
21812776,1,1,0,0
23246212,1,0,1,0
48468538,1,1,0,0
72516490,1,0,1,0
3644538,1,1,0,0
55009,8,3,5,0
72903714,1,1,0,0
34407290,1,1,0,0
6203770,1,1,0,0
73400602,1,0,1,0
121070,1,1,0,0
74026365,1,1,0,0
71752060,1,0,1,0
74478298,2,1,1,0
75240920,3,3,0,0
74877774,1,1,0,0
75446187,1,0,1,0
31183194,1,1,0,0
4918036,1,1,0,0
25169932,1,1,0,0
1261711,3,3,0,0
77577518,1,0,1,0
77706798,1,0,1,0
6844452,1,1,0,0
59911534,1,1,0,0
63283669,1,0,1,0
41766385,1,1,0,0
5657656,2,2,0,0
2492536,4,4,0,0
15726903,3,3,0,0
19201561,1,1,0,0
59387158,1,1,0,0
78930908,1,0,1,0
4343477,1,1,0,0
39556632,1,1,0,0
2088244,1,1,0,0
66801226,1,0,0,1
79389570,1,1,0,0
75442711,1,1,0,0
1346845,1,1,0,0
33151642,3,3,0,0
1358948,1,1,0,0
80523335,1,1,0,0
14906536,1,1,0,0
31178634,1,0,1,0
58214542,1,0,1,0
74518047,2,0,2,0
81822679,1,1,0,0
81929011,1,1,0,0
18594116,1,0,1,0
70098073,3,3,0,0
47204811,1,1,0,0
10974337,1,1,0,0
83157606,1,1,0,0
8132458,1,1,0,0
17911854,1,1,0,0
20241305,1,1,0,0
84086518,1,1,0,0
64168260,1,0,1,0
70587064,2,2,0,0
5816343,1,1,0,0
11585007,1,1,0,0
82205301,1,1,0,0
75042,1,1,0,0
183117,1,1,0,0
16206623,2,2,0,0
64827706,2,2,0,0
34308542,3,0,3,0
86622081,1,1,0,0
86842330,1,1,0,0
86915512,1,1,0,0
19521188,2,1,1,0
61334337,1,1,0,0
78321231,1,0,1,0
50159579,1,1,0,0
87724136,2,2,0,0
77230802,2,2,0,0
4336089,1,1,0,0
7244663,1,1,0,0
6789081,1,1,0,0
16834451,1,0,1,0
88939509,3,3,0,0
2733434,1,1,0,0
88971653,1,1,0,0
89016153,1,1,0,0
89373138,2,2,0,0
6878743,1,1,0,0
90117890,5,5,0,0
1555964,1,1,0,0
90483601,1,1,0,0
2387207,2,2,0,0
49670365,5,5,0,0
52813765,1,1,0,0
902465,1,1,0,0
54919923,2,2,0,0
91876859,1,0,1,0
71766356,1,0,0,1
14229159,1,1,0,0
62297139,1,0,1,0
93122946,2,2,0,0
7005499,1,1,0,0
22276780,1,1,0,0
21290155,1,1,0,0
94413936,1,1,0,0
18250538,1,0,1,0
86401186,3,1,2,0
27737761,1,1,0,0
95221142,2,2,0,0
14062357,1,1,0,0
86600663,1,1,0,0
41809632,1,1,0,0
25338996,1,1,0,0
21797257,2,2,0,0
5035816,1,1,0,0
96144947,1,1,0,0
44949993,11,2,9,0
25364945,1,1,0,0
10908067,1,1,0,0
96476055,1,1,0,0
32018841,2,2,0,0
27373538,1,0,1,0
77381295,1,1,0,0
78148182,1,1,0,0
43014415,1,1,0,0
48287191,1,1,0,0
96846593,1,1,0,0
96966259,1,1,0,0
9285851,1,0,1,0
95459395,44,44,0,0
87565931,1,1,0,0
30928000,1,0,1,0
1279307,1,1,0,0
47031800,1,1,0,0
3366060,1,1,0,0
98014028,1,1,0,0
98207538,2,2,0,0
68126271,1,1,0,0
46242216,1,1,0,0
25866505,1,1,0,0
64405348,1,1,0,0
82181720,1,1,0,0
40685012,1,1,0,0
81725187,1,1,0,0
62288976,1,1,0,0
100104886,1,1,0,0
54510810,1,1,0,0
100131261,2,1,1,0
100171774,1,1,0,0
36144779,1,1,0,0
30386874,1,1,0,0
36237595,1,0,1,0
9691027,2,2,0,0
73427103,1,1,0,0
73613929,1,1,0,0
7196325,5,2,3,0
101148074,1,1,0,0
3964420,1,1,0,0
14171572,1,1,0,0
39930655,216,198,14,3
13493491,1,1,0,0
8143228,1,1,0,0
1689867,2,2,0,0
6033272,1,1,0,0
102064876,1,1,0,0
68882789,2,0,2,0
67933890,1,1,0,0
102276345,3,3,0,0
82125421,1,1,0,0
46521595,3,0,3,0
98799358,3,2,1,0
1707597,1,1,0,0
48292280,1,1,0,0
102225058,1,1,0,0
41859444,1,1,0,0
87150307,1,0,1,0
12403809,1,1,0,0
103468502,1,1,0,0
16207242,1,1,0,0
71110500,3,0,3,0
19061220,1,1,0,0
2024948,3,3,0,0
25766824,1,1,0,0
8350984,1,1,0,0
11203497,1,1,0,0
12159102,1,1,0,0
16831081,1,0,1,0
103705038,1,1,0,0
1456449,1,0,1,0
2680706,1,1,0,0
10676734,1,1,0,0
104395921,1,1,0,0
7307125,1,1,0,0
31906978,1,1,0,0
22160473,1,1,0,0
6411133,1,1,0,0
723831,1,1,0,0
13503254,1,1,0,0
105457042,1,1,0,0
1626178,1,1,0,0
3024813,1,1,0,0
105592042,9,0,9,0
159305894,1,0,1,0
105727770,1,1,0,0
105743603,1,1,0,0
13541161,1,1,0,0
92880710,1,1,0,0
105948654,1,1,0,0
73109758,1,1,0,0
12338343,1,1,0,0
62342195,1,1,0,0
6373636,1,1,0,0
2180128,1,1,0,0
53283391,1,0,1,0
75208389,1,0,1,0
63129199,1,1,0,0
12388243,1,1,0,0
17494899,1,1,0,0
16199167,2,2,0,0
27914570,1,1,0,0
81126316,1,1,0,0
5153745,1,1,0,0
106615219,1,1,0,0
1931816,1,1,0,0
38965746,1,1,0,0
21843623,1,1,0,0
13360566,1,1,0,0
82193614,2,0,2,0
106911033,1,1,0,0
54126082,4,4,0,0
21421893,1,1,0,0
9356376,1,1,0,0
107033005,1,1,0,0
6655288,1,1,0,0
54675442,1,1,0,0
45720,1,1,0,0
3052850,1,1,0,0
5474300,1,1,0,0
31214578,1,1,0,0
107278901,1,1,0,0
104127819,2,0,2,0
2334362,1,1,0,0
42534044,1,0,1,0
4518738,2,0,2,0
2615928,1,1,0,0
107552587,1,1,0,0
107554253,1,1,0,0
107569275,1,0,1,0
107573807,1,1,0,0
6030345,1,1,0,0
94079641,1,1,0,0
107697689,1,1,0,0
33861861,1,1,0,0
107888317,1,1,0,0
20056719,1,1,0,0
32865087,1,0,1,0
902113,1,1,0,0
108007021,1,1,0,0
13720227,1,0,1,0
59004447,1,1,0,0
108186494,1,0,1,0
108189881,1,1,0,0
3293022,1,1,0,0
108261325,1,1,0,0
12991869,1,1,0,0
27222600,1,1,0,0
108364436,1,1,0,0
36993961,1,1,0,0
108624574,2,2,0,0
88074789,1,0,1,0
107842986,3,3,0,0
108719050,1,1,0,0
37551897,1,1,0,0
8816158,1,1,0,0
78194147,5,1,4,0
108887951,1,1,0,0
108888501,1,1,0,0
6646872,1,1,0,0
30315908,1,1,0,0
109003620,1,1,0,0
3661050,1,1,0,0
48067892,1,0,1,0
15784084,1,1,0,0
43011782,1,1,0,0
45332574,1,1,0,0
39235404,1,0,1,0
55203478,1,1,0,0
24051505,1,1,0,0
38272586,1,1,0,0
109529688,1,1,0,0
109533941,1,1,0,0
109545696,1,1,0,0
109568164,1,1,0,0
109644708,1,1,0,0
5437227,1,1,0,0
19904281,1,1,0,0
18844673,1,1,0,0
109736004,1,1,0,0
73041211,1,0,1,0
9306094,2,2,0,0
20482300,1,1,0,0
109849144,1,1,0,0
5008109,1,0,1,0
17764709,3,1,2,0
109898126,1,1,0,0
110015582,1,1,0,0
1026388,2,2,0,0
109436016,1,0,1,0
110158644,1,1,0,0
35340389,1,1,0,0
49350907,2,1,1,0
110310975,1,1,0,0
110345811,1,1,0,0
61323707,1,0,1,0
11236131,1,1,0,0
9771947,1,1,0,0
61943775,1,0,1,0
108163061,1,1,0,0
22006185,1,0,1,0
45444705,1,0,1,0
110502361,1,0,1,0
26525901,1,1,0,0
6124057,1,1,0,0
33160230,2,1,1,0
72880719,1,1,0,0
110641733,1,1,0,0
12567099,1,1,0,0
75394256,1,1,0,0
66251356,1,1,0,0
54138089,1,1,0,0
33682434,1,1,0,0
62645319,1,1,0,0
110856410,1,1,0,0
23085388,1,1,0,0
32548845,1,1,0,0
21706236,1,1,0,0
5850,2,2,0,0
111066542,1,0,1,0
13241443,1,1,0,0
73120116,1,0,1,0
62859585,1,1,0,0
111207965,1,0,1,0
46582948,15,15,0,0
1618772,1,1,0,0
111012781,1,0,1,0
111311001,4,4,0,0
3323477,1,1,0,0
6472382,1,0,1,0
111282722,1,1,0,0
20731199,1,1,0,0
13814366,1,1,0,0
387733,1,1,0,0
4923396,1,0,1,0
2848601,1,1,0,0
53596345,2,2,0,0
107593369,1,0,1,0
13322416,1,1,0,0
89866028,1,1,0,0
67990551,1,1,0,0
111760278,1,1,0,0
111810504,1,1,0,0
14831290,2,1,1,0
104464656,2,2,0,0
639308,1,0,1,0
111914877,1,1,0,0
4871978,1,1,0,0
2982739,1,1,0,0
63273507,3,1,2,0
6735622,1,1,0,0
26206487,1,1,0,0
14290568,1,1,0,0
4794122,1,0,1,0
112036330,1,1,0,0
112083571,1,1,0,0
44639131,1,1,0,0
11649342,1,0,1,0
7228295,1,0,1,0
52457876,1,0,1,0
112156224,1,0,1,0
35906337,1,1,0,0
4663903,1,0,1,0
112575738,1,1,0,0
89707115,2,1,1,0
112895048,1,1,0,0
4642626,4,2,2,0
74673637,1,1,0,0
14567900,2,2,0,0
113917603,1,1,0,0
100589,1,1,0,0
102490331,1,0,1,0
500279,1,1,0,0
2230499,1,1,0,0
13000882,1,1,0,0
73159980,1,0,1,0
24863780,1,1,0,0
26389480,18,0,9,9
87977393,4,4,0,0
8244177,1,1,0,0
8509601,1,1,0,0
19800280,1,0,1,0
15333132,1,0,1,0
1436380,1,1,0,0
2565542,1,1,0,0
117540962,1,1,0,0
14761103,1,1,0,0
18139947,1,1,0,0
7912484,1,1,0,0
4714927,4,0,4,0
82332119,1,1,0,0
11626707,1,1,0,0
119615821,1,0,1,0
17219855,5,1,4,0
50947248,1,0,0,1
120146441,1,1,0,0
20409206,1,1,0,0
113789286,1,1,0,0
18728663,1,0,1,0
261256,1,1,0,0
121090333,2,1,1,0
42130309,1,0,1,0
16381569,2,1,1,0
121592889,1,1,0,0
121348070,1,0,1,0
392506,2,2,0,0
3484793,1,1,0,0
79706583,1,0,1,0
122219895,1,1,0,0
122396015,1,1,0,0
3766302,1,0,1,0
3664276,2,1,1,0
12166019,8,0,8,0
95662000,1,1,0,0
1275143,1,1,0,0
57567321,1,0,1,0
123268799,3,3,0,0
30368752,1,1,0,0
21536334,1,0,1,0
17680985,1,0,1,0
106426179,7,2,5,0
35942863,1,1,0,0
8733319,1,1,0,0
20181195,1,1,0,0
5882490,3,3,0,0
124644014,4,0,4,0
2993827,1,1,0,0
126020632,1,1,0,0
58603528,3,3,0,0
126333441,3,1,2,0
690881,1,1,0,0
18004955,1,1,0,0
124325632,1,0,0,1
583576,2,0,2,0
71554967,3,3,0,0
12126132,2,0,2,0
11323859,1,1,0,0
70162513,2,1,1,0
127187397,1,1,0,0
1507802,3,3,0,0
79036815,1,1,0,0
15906842,2,2,0,0
30419644,1,1,0,0
112764131,1,1,0,0
128115517,1,1,0,0
26808180,1,1,0,0
26180779,9,3,6,0
16266875,1,0,1,0
487806,35,35,0,0
128923810,2,2,0,0
11462042,1,1,0,0
33486751,1,1,0,0
129906859,1,1,0,0
130131975,2,2,0,0
45371351,2,1,1,0
130480786,1,1,0,0
35738187,1,1,0,0
24492622,1,1,0,0
124463370,1,1,0,0
29817021,1,1,0,0
98811823,1,1,0,0
87627920,1,1,0,0
126988012,1,1,0,0
21338184,1,1,0,0
29184455,3,3,0,0
71551950,1,1,0,0
84924342,1,1,0,0
132090955,1,1,0,0
132364190,1,1,0,0
132637888,2,2,0,0
45172134,1,0,0,1
105502689,4,4,0,0
41644125,1,1,0,0
3386804,1,1,0,0
133027411,1,1,0,0
25717028,1,1,0,0
43905291,1,1,0,0
130116131,2,0,2,0
133359768,1,1,0,0
19131071,3,3,0,0
69203193,37,37,0,0
53984107,1,1,0,0
32965865,1,1,0,0
49112906,1,0,1,0
133922177,1,1,0,0
18173651,1,1,0,0
12318880,1,1,0,0
12605921,1,1,0,0
26296287,2,2,0,0
22301369,1,0,1,0
122382567,47,47,0,0
68843638,1,1,0,0
86403269,1,1,0,0
15582957,2,2,0,0
108025083,1,1,0,0
6480831,2,2,0,0
108164897,1,1,0,0
38387831,7,4,3,0
1492347,1,1,0,0
37792202,1,1,0,0
1001532,2,2,0,0
16615356,1,0,1,0
70394864,1,1,0,0
6664,1,1,0,0
24635920,1,1,0,0
136929318,1,1,0,0
136987437,1,1,0,0
30543253,1,1,0,0
136999257,1,1,0,0
20917831,2,0,2,0
77036914,2,1,1,0
92608237,1,0,1,0
82738448,1,0,1,0
13136803,1,1,0,0
99381792,1,1,0,0
33008208,1,1,0,0
8093059,1,1,0,0
6823849,1,1,0,0
138787488,3,0,3,0
86790623,3,3,0,0
1201707,1,0,1,0
25863369,1,1,0,0
40640586,1,1,0,0
29671610,1,1,0,0
368268,1,1,0,0
35415160,1,1,0,0
1858370,1,1,0,0
43462265,1,0,1,0
87516029,1,0,1,0
24842196,1,1,0,0
16637650,1,1,0,0
10058543,1,1,0,0
30406530,4,3,1,0
114562882,1,0,1,0
138943278,1,1,0,0
27055889,2,2,0,0
103024794,2,2,0,0
124782850,10,4,6,0
140334352,8,5,3,0
11309130,4,4,0,0
6416102,1,0,1,0
2291656,1,1,0,0
16252186,1,0,1,0
89325275,2,0,2,0
6066744,1,1,0,0
25683126,1,1,0,0
51355304,1,1,0,0
85322269,1,0,1,0
143780236,2,2,0,0
102792457,1,0,1,0
61643454,1,1,0,0
3327767,1,0,1,0
4263869,1,1,0,0
143983211,1,1,0,0
40649327,1,1,0,0
25986811,1,0,1,0
17123337,1,1,0,0
24444960,1,1,0,0
48864030,4,4,0,0
22648846,1,1,0,0
6637404,2,2,0,0
10716582,1,1,0,0
144776629,1,1,0,0
145224593,1,1,0,0
127842798,1,1,0,0
11827226,1,1,0,0
176438,2,0,2,0
140579095,1,1,0,0
92210914,1,1,0,0
36082115,1,1,0,0
46590989,1,1,0,0
56754902,1,1,0,0
142993246,2,2,0,0
147252541,2,2,0,0
147199471,1,1,0,0
147115777,1,1,0,0
9265084,1,1,0,0
11604993,1,1,0,0
75385441,1,1,0,0
7884028,1,1,0,0
47429487,1,0,1,0
64565492,1,1,0,0
146624030,23,0,3,14
95921344,1,1,0,0
148703825,1,1,0,0
71811630,1,1,0,0
148912796,1,1,0,0
57563441,1,1,0,0
5284303,1,0,1,0
92781477,4,1,3,0
149624635,1,1,0,0
3324376,4,4,0,0
601702,1,1,0,0
13336164,1,0,1,0
40506199,4,4,0,0
6148916,1,1,0,0
94884587,1,1,0,0
142639760,1,1,0,0
54077384,1,1,0,0
95617504,1,1,0,0
3281515,1,1,0,0
61953100,1,1,0,0
20312243,1,1,0,0
86405650,1,1,0,0
122646086,1,0,1,0
152712129,1,1,0,0
45515061,1,1,0,0
69429712,1,1,0,0
8804821,1,1,0,0
71799021,1,1,0,0
39966150,1,1,0,0
73833123,1,1,0,0
52844473,1,1,0,0
95459420,1,1,0,0
67317030,2,2,0,0
4166308,1,1,0,0
154710952,1,0,1,0
27152040,1,1,0,0
39290542,1,1,0,0
155303103,1,0,1,0
13874798,1,1,0,0
6597874,1,1,0,0
26694024,1,1,0,0
27021311,1,1,0,0
150748953,1,1,0,0
7405667,2,2,0,0
1004055,1,1,0,0
156126519,1,0,1,0
1834705,1,1,0,0
156381814,2,0,2,0
84771858,1,1,0,0
156925549,1,1,0,0
2101885,1,1,0,0
157089151,1,1,0,0
157501109,1,0,1,0
80894863,1,1,0,0
24499278,1,1,0,0
58579028,1,0,1,0
157832931,2,1,1,0
51590466,1,1,0,0
155256037,1,1,0,0
158129211,1,1,0,0
4503953,1,1,0,0
73765439,2,2,0,0
34767827,1,0,1,0
125670628,2,2,0,0
263430,1,1,0,0
74841863,1,1,0,0
49195938,1,1,0,0
6083109,1,1,0,0
4009241,1,1,0,0
159644445,4,1,3,0
27042315,1,1,0,0
157259550,1,1,0,0
159777015,1,1,0,0
13817732,1,1,0,0
79880980,1,0,1,0
159993507,1,1,0,0
102400432,1,1,0,0
154953111,1,0,1,0
160601943,4,4,0,0
1501363,2,0,2,0
122931819,2,2,0,0
161153272,1,1,0,0
118419282,1,0,1,0
17757296,2,2,0,0
43935594,1,1,0,0
161879212,1,1,0,0
157939317,1,1,0,0
8792447,1,1,0,0
120875011,1,0,1,0
160627439,1,1,0,0
23502507,1,1,0,0
47462040,1,1,0,0
116112352,1,1,0,0
140907869,1,1,0,0
4974030,1,1,0,0
6358331,1,0,0,1
163362419,2,1,1,0
62379567,1,1,0,0
163753719,1,1,0,0
163817718,2,2,0,0
26219810,1,0,1,0
7233384,1,1,0,0
38466365,1,1,0,0
164980877,1,1,0,0
165020675,1,1,0,0
15738462,1,1,0,0
147434844,1,1,0,0
25757262,1,0,1,0
62587952,4,4,0,0
165513933,1,1,0,0
165717689,1,1,0,0
2801115,1,1,0,0
23333270,1,1,0,0
48765540,1,1,0,0
165867129,1,1,0,0
126599419,1,1,0,0
32586644,1,1,0,0
149991650,1,0,1,0
1437612,1,0,1,0
166477115,1,1,0,0
93563557,2,0,2,0
56607502,2,0,2,0
167267878,1,1,0,0
39747152,2,2,0,0
35004448,2,2,0,0
167621187,1,1,0,0
31371437,1,1,0,0
167542927,1,1,0,0
168231720,1,1,0,0
24953267,3,3,0,0
5202852,1,0,1,0
3489498,1,1,0,0
168802442,1,1,0,0
30740211,1,1,0,0
169664944,2,0,2,0
28828432,1,1,0,0
9924401,1,1,0,0
33868772,1,1,0,0
170551950,1,1,0,0
153142984,3,3,0,0
9680354,11,11,0,0
5710297,1,1,0,0
30880324,1,0,1,0
170397638,1,1,0,0
93666826,1,1,0,0
32713202,2,2,0,0
4100648,1,1,0,0
1237439,1,1,0,0
37494995,2,1,1,0
132864176,2,1,1,0
18063946,1,0,1,0
3746732,3,3,0,0
19646676,1,1,0,0
36954714,1,1,0,0
172432100,1,0,1,0
26392545,3,2,1,0
59729779,1,0,1,0
62296794,2,2,0,0
36669572,2,2,0,0
44251938,1,1,0,0
2881676,2,2,0,0
28922618,1,1,0,0
175696585,1,1,0,0
15905758,1,1,0,0
21097703,1,1,0,0
176304871,3,0,3,0
16082647,1,1,0,0
70574319,1,1,0,0
177085783,6,0,6,0
160509749,1,0,1,0
63140065,2,2,0,0
59460146,1,0,1,0
178419661,1,1,0,0
178532898,1,1,0,0
179042074,1,1,0,0
79479469,2,2,0,0
62640960,1,1,0,0
8428529,1,1,0,0
122935543,1,0,1,0
106887181,1,1,0,0
179660160,1,1,0,0
179762817,1,1,0,0
9429466,1,1,0,0
179827733,1,1,0,0
48069407,1,1,0,0
180187730,2,2,0,0
13563788,1,0,1,0
77073200,1,1,0,0
22585815,1,1,0,0
3030537,1,0,1,0
179956839,2,0,2,0
54313635,1,0,1,0
63647441,1,1,0,0
1485672,1,0,1,0
182077229,3,3,0,0
13071021,1,1,0,0
20449943,1,1,0,0
49241052,1,0,1,0
42023851,1,0,1,0
4171868,1,0,1,0
182851117,5,5,0,0
104377990,1,0,1,0
31855977,2,2,0,0
66624786,1,1,0,0
37883365,1,1,0,0
86376750,3,1,2,0
183972502,1,1,0,0
9973032,1,1,0,0
98694394,6,6,0,0
177578477,1,1,0,0
184635670,1,1,0,0
104509918,1,1,0,0
128136372,1,1,0,0
9070652,1,1,0,0
185020877,2,2,0,0
97432247,2,0,2,0
41163235,1,0,1,0
182305052,4,0,4,0
35952857,1,1,0,0
7003517,2,2,0,0
5259313,1,1,0,0
14130730,1,1,0,0
180699677,1,1,0,0
6524762,1,1,0,0
35508656,1,1,0,0
187023239,1,1,0,0
186697530,1,1,0,0
187304607,1,1,0,0
63550371,1,1,0,0
31488625,1,1,0,0
22194235,1,1,0,0
2430045,2,2,0,0
19979392,6,0,6,0
127871545,1,0,1,0
154321428,1,1,0,0
97552803,1,1,0,0
1676300,1,1,0,0
130259254,1,1,0,0
27786683,1,0,1,0
189535978,3,3,0,0
125854993,1,1,0,0
7989061,1,1,0,0
158352584,1,1,0,0
190135215,1,1,0,0
53760805,1,0,1,0
108631003,1,0,1,0
16259214,1,1,0,0
91869463,1,0,1,0
25361806,1,1,0,0
122469617,2,2,0,0
191611525,1,1,0,0
12571117,1,1,0,0
192178574,1,1,0,0
105748910,2,1,1,0
192477761,1,1,0,0
36216383,1,0,1,0
192876941,1,1,0,0
193324644,1,1,0,0
75222030,1,0,1,0
9263895,5,5,0,0
224561145,9,5,4,0
76814727,1,0,1,0
190279752,1,1,0,0
22991901,1,1,0,0
182058146,2,0,2,0
194610108,1,1,0,0
84783119,1,0,0,1
73760975,1,1,0,0
4471145,1,1,0,0
8479126,1,1,0,0
7653159,2,2,0,0
146056777,1,0,1,0
146977441,1,1,0,0
12112782,1,0,1,0
196188048,1,1,0,0
196190735,1,1,0,0
9147142,1,1,0,0
91710874,1,1,0,0
20668969,1,1,0,0
43770579,2,0,2,0
75458574,1,1,0,0
196861448,1,0,1,0
123619122,1,0,1,0
85931792,1,1,0,0
198204129,1,1,0,0
2385547,1,1,0,0
10338124,1,0,1,0
6688891,2,2,0,0
99955771,3,3,0,0
5717655,2,0,2,0
199728235,1,0,1,0
38529,1,1,0,0
155381167,1,1,0,0
98821114,1,1,0,0
167034668,2,2,0,0
200458919,1,0,1,0
10852262,1,1,0,0
61446090,2,2,0,0
105711806,1,1,0,0
200752650,1,1,0,0
10750206,2,2,0,0
30315692,1,1,0,0
160559267,2,2,0,0
4227373,1,1,0,0
54872941,1,1,0,0
76443009,1,1,0,0
20323095,2,2,0,0
3991758,2,2,0,0
58390546,2,2,0,0
1904712,1,1,0,0
80788728,1,1,0,0
18681391,1,1,0,0
204740295,1,0,1,0
77944917,1,0,1,0
8116415,1,1,0,0
106767299,1,1,0,0
5627782,1,1,0,0
22126984,1,1,0,0
81667030,1,1,0,0
6250693,2,2,0,0
206022082,2,2,0,0
67977573,1,1,0,0
12839533,1,1,0,0
159982035,2,0,2,0
207788538,1,1,0,0
12677243,1,1,0,0
44535307,2,2,0,0
162230628,1,1,0,0
102009851,1,1,0,0
200902664,1,1,0,0
22289377,1,1,0,0
21077344,1,1,0,0
209303182,1,1,0,0
193454533,1,0,1,0
39273202,1,1,0,0
4670333,1,1,0,0
1699911,1,1,0,0
210983099,4,4,0,0
50236847,1,1,0,0
12928262,4,4,0,0
7772015,1,1,0,0
75651715,1,1,0,0
59253297,3,1,1,1
211704363,1,1,0,0
112002129,1,0,1,0
14905129,1,1,0,0
208037775,1,1,0,0
75923511,1,0,1,0
94568899,1,1,0,0
2363381,1,1,0,0
57804979,2,1,1,0
22801245,5,1,4,0
207573176,1,1,0,0
25134806,1,1,0,0
54268690,1,1,0,0
43721722,1,1,0,0
213398164,1,1,0,0
92543922,1,1,0,0
9286163,5,1,4,0
200421571,2,0,2,0
155935757,1,1,0,0
214318656,1,0,1,0
51310289,1,1,0,0
58494674,1,1,0,0
113851583,1,1,0,0
102274654,3,1,2,0
38658582,2,1,1,0
16913670,1,1,0,0
7739180,1,1,0,0
215712028,3,1,2,0
48005494,29,29,0,0
107434423,208,208,0,0
24087552,2,1,1,0
132723724,1,1,0,0
24877827,2,2,0,0
17734287,1,0,1,0
18061758,1,0,1,0
216259133,6,6,0,0
30984226,1,0,1,0
18507499,1,1,0,0
217501892,1,1,0,0
19628998,1,1,0,0
217836431,2,0,2,0
50382469,1,1,0,0
218496501,1,1,0,0
1694546,1,1,0,0
54857968,1,1,0,0
75811540,1,1,0,0
1642853,1,1,0,0
13337463,1,1,0,0
219448248,1,1,0,0
219886117,1,1,0,0
36301205,1,1,0,0
12996810,1,1,0,0
36954423,1,1,0,0
220297433,1,1,0,0
418693,1,1,0,0
208577817,1,1,0,0
3806067,4,4,0,0
36052329,1,1,0,0
56353848,1,1,0,0
55426505,1,1,0,0
222768138,2,2,0,0
167608509,1,1,0,0
221366791,1,1,0,0
4365896,1,1,0,0
4807337,1,1,0,0
79071533,3,2,1,0
223994616,1,1,0,0
201365580,1,1,0,0
3952319,1,1,0,0
8833997,1,1,0,0
159839010,1,1,0,0
119547027,1,1,0,0
425737,1,1,0,0
956658,1,1,0,0
1157189,1,1,0,0
4492,1,1,0,0
1229823,1,1,0,0
13197591,1,1,0,0
46538062,1,1,0,0
25140736,1,1,0,0
225095373,3,3,0,0
128066863,1,1,0,0
2453278,1,1,0,0
36274356,1,1,0,0
53673518,1,1,0,0
31647289,1,1,0,0
12287205,1,1,0,0
97534451,2,2,0,0
216497948,1,1,0,0
7891454,1,1,0,0
73190345,1,1,0,0
25314348,2,2,0,0
21570891,15,15,0,0
153680299,1,1,0,0
4642600,1,1,0,0
20285809,2,2,0,0
2903046,1,1,0,0
80330538,1,0,1,0
230413534,1,1,0,0
7181747,1,1,0,0
230569854,2,1,1,0
4609346,1,1,0,0
231033903,1,1,0,0
230409838,1,1,0,0
36982214,1,1,0,0
4474955,2,0,2,0
118192806,1,1,0,0
966723,1,1,0,0
13404528,2,2,0,0
17741442,2,2,0,0
33664909,1,0,1,0
181828788,1,1,0,0
27789799,2,0,2,0
52322609,1,1,0,0
46151252,1,1,0,0
30907442,1,1,0,0
51197475,1,1,0,0
8831233,1,1,0,0
233203296,1,1,0,0
134792083,1,0,1,0
57737727,1,0,1,0
27241272,1,1,0,0
19574474,1,1,0,0
4481188,1,1,0,0
233733884,2,2,0,0
23455172,1,1,0,0
16325168,1,1,0,0
219339056,1,1,0,0
195016684,1,1,0,0
31990253,1,1,0,0
94118095,1,1,0,0
1158402,3,1,2,0
64813126,1,1,0,0
30617329,1,1,0,0
15517555,1,1,0,0
108050042,2,1,1,0
236576107,1,1,0,0
6880365,1,1,0,0
237064753,1,0,1,0
5467394,2,1,1,0
237237007,1,1,0,0
6555931,1,1,0,0
238072632,1,0,1,0
2530459,1,1,0,0
26877862,3,3,0,0
238394816,1,1,0,0
238503631,1,1,0,0
42865328,1,0,1,0
8543340,1,1,0,0
95350797,1,1,0,0
239572278,1,1,0,0
239817994,1,1,0,0
6970679,2,2,0,0
113905858,1,1,0,0
61076428,1,1,0,0
18493253,2,2,0,0
3532124,8,8,0,0
57115,1,1,0,0
4276451,1,1,0,0
2222558,1,1,0,0
237463,1,1,0,0
62543911,5,0,5,0
73385154,1,1,0,0
242138504,1,1,0,0
242152232,1,1,0,0
247086,1,1,0,0
12003362,1,1,0,0
242984873,1,1,0,0
243204916,1,0,1,0
16217471,1,1,0,0
108080929,2,2,0,0
29407969,1,1,0,0
5297856,1,1,0,0
7703359,2,2,0,0
100115861,1,1,0,0
241508765,2,2,0,0
122447633,1,1,0,0
244371151,1,1,0,0
115261342,1,1,0,0
10765068,1,1,0,0
246291297,1,1,0,0
246407839,1,1,0,0
195467577,1,1,0,0
119476075,1,0,1,0
1922341,3,3,0,0
246859433,1,1,0,0
243171543,1,1,0,0
232895115,2,2,0,0
12053573,1,0,1,0
184467515,1,1,0,0
32695176,1,1,0,0
21532233,1,1,0,0
40490589,1,1,0,0
248944072,1,0,1,0
219493221,38,29,9,0
84968850,1,1,0,0
19829396,2,2,0,0
13632628,1,1,0,0
105811458,1,1,0,0
251823932,1,1,0,0
251867718,2,0,2,0
135195550,3,0,3,0
11358775,1,1,0,0
64224836,1,1,0,0
10931840,1,0,1,0
23375179,1,1,0,0
22022994,1,1,0,0
2612551,1,1,0,0
129443521,1,0,1,0
6195074,1,1,0,0
36486329,1,1,0,0
118244024,2,2,0,0
201899438,2,2,0,0
255873015,1,1,0,0
44630686,1,1,0,0
255486813,1,1,0,0
74628705,1,1,0,0
3609290,1,1,0,0
110722382,2,2,0,0
4584982,1,1,0,0
777337,1,1,0,0
46698505,1,1,0,0
258534420,1,1,0,0
95344867,1,1,0,0
78577135,3,0,3,0
258648184,1,1,0,0
141298284,4,0,4,0
21251177,1,1,0,0
6095670,1,1,0,0
16676147,1,1,0,0
218678320,1,0,1,0
35990837,2,2,0,0
261002058,1,1,0,0
117707156,2,0,2,0
9409616,1,1,0,0
42942998,1,1,0,0
7757638,1,1,0,0
262130852,1,1,0,0
198556725,2,2,0,0
262957231,1,1,0,0
84839495,2,2,0,0
1436388,1,0,1,0
11804734,1,1,0,0
68815525,1,1,0,0
110083911,1,0,1,0
7259693,1,1,0,0
5509070,2,0,2,0
265391427,5,5,0,0
45457556,1,1,0,0
147044280,1,0,0,1
231660881,1,1,0,0
56247828,1,1,0,0
266037254,2,2,0,0
266460170,1,1,0,0
59592308,1,1,0,0
5706129,3,1,2,0
31987180,1,1,0,0
266698065,1,0,1,0
129165980,1,1,0,0
19355132,2,1,1,0
164658070,1,1,0,0
5742992,1,1,0,0
56599514,2,2,0,0
19221166,1,1,0,0
266565827,3,0,3,0
268123553,1,1,0,0
268345955,1,0,1,0
50694326,1,1,0,0
109541227,1,1,0,0
280636,2,2,0,0
269834634,11,11,0,0
104694577,1,1,0,0
109185967,1,1,0,0
270834654,1,1,0,0
268577141,10,0,10,0
6642905,1,1,0,0
271120083,1,1,0,0
86073125,1,1,0,0
91153294,1,1,0,0
257801323,1,0,1,0
1265752,1,1,0,0
272882211,1,1,0,0
63922350,1,1,0,0
148679475,3,1,2,0
57938914,1,1,0,0
14003321,1,1,0,0
16398871,2,2,0,0
126975069,1,1,0,0
274355228,1,1,0,0
71406059,1,1,0,0
3291650,1,1,0,0
186610137,2,0,2,0
155624532,1,1,0,0
227313404,1,1,0,0
29412108,1,1,0,0
209748244,1,1,0,0
276412829,1,1,0,0
29980292,1,1,0,0
60251899,1,1,0,0
17619200,1,1,0,0
33667703,1,1,0,0
4484345,1,1,0,0
256078779,1,0,1,0
2960725,1,1,0,0
134672049,1,1,0,0
279775863,1,1,0,0
279777862,1,0,1,0
273858247,1,1,0,0
43944969,1,1,0,0
212325785,1,0,1,0
74232959,1,1,0,0
28613623,1,1,0,0
280466002,1,1,0,0
104560694,2,1,1,0
201409224,1,1,0,0
280731063,4,2,2,0
53222831,1,1,0,0
220632646,1,1,0,0
24936720,2,2,0,0
25854085,1,1,0,0
109188175,1,1,0,0
156375393,1,1,0,0
65643442,1,1,0,0
293222,2,2,0,0
9373841,1,1,0,0
4476230,1,1,0,0
26257566,1,1,0,0
8500709,1,1,0,0
19347820,1,1,0,0
286089018,1,1,0,0
26971935,1,1,0,0
10386607,1,1,0,0
286638108,1,1,0,0
6509683,1,1,0,0
281813382,1,1,0,0
37046633,2,2,0,0
1311994,1,1,0,0
5245831,1,0,1,0
289121125,1,1,0,0
289259344,20,20,0,0
289671545,1,0,1,0
289695321,1,1,0,0
5798600,2,2,0,0
51282404,2,1,1,0
289841917,1,1,0,0
11793019,1,1,0,0
263634691,1,0,1,0
13351297,1,1,0,0
87487480,1,1,0,0
119046186,1,1,0,0
14863336,1,1,0,0
15103467,1,1,0,0
293372071,2,2,0,0
294272884,1,1,0,0
199072,1,1,0,0
3367231,1,1,0,0
98438550,2,1,1,0
282820070,1,1,0,0
92306056,1,1,0,0
154873968,1,1,0,0
8003285,1,1,0,0
294411073,1,1,0,0
261665799,1,1,0,0
294545484,132,7,125,0
2795746,1,1,0,0
298618235,1,1,0,0
32574281,2,2,0,0
298931755,1,1,0,0
299020926,1,0,1,0
2985748,1,0,1,0
182213812,2,2,0,0
141904488,1,1,0,0
288033145,9,0,0,9
204591257,1,1,0,0
300721364,1,1,0,0
18894668,1,1,0,0
50688222,1,0,1,0
289955644,2,2,0,0
15336402,1,0,1,0
20627253,3,3,0,0
5871111,1,1,0,0
302341977,1,1,0,0
49506023,1,1,0,0
302908431,1,1,0,0
154712936,1,1,0,0
303017463,1,1,0,0
279208117,1,0,1,0
12179304,1,1,0,0
10513195,1,1,0,0
231470951,1,1,0,0
304261532,6,6,0,0
11158634,1,1,0,0
303101466,3,0,3,0
306013328,1,1,0,0
8926988,1,1,0,0
3781807,1,1,0,0
306131660,1,1,0,0
306512018,1,0,1,0
69033883,2,0,2,0
92444608,1,1,0,0
130517319,1,1,0,0
33063976,1,0,1,0
65491430,1,1,0,0
309954138,1,1,0,0
119489123,1,1,0,0
310084801,1,1,0,0
289209647,1,1,0,0
310326096,2,2,0,0
134197814,1,1,0,0
166450,1,1,0,0
229550250,5,2,3,0
2880559,2,2,0,0
80691747,1,1,0,0
67598466,1,1,0,0
23222208,1,1,0,0
32935630,1,1,0,0
205497174,1,1,0,0
17194916,1,1,0,0
4975305,3,3,0,0
312608571,4,1,3,0
218244999,3,0,3,0
6355123,1,1,0,0
39144432,1,0,1,0
73455370,1,1,0,0
42771729,1,1,0,0
70072639,1,1,0,0
313872722,4,1,3,0
130589043,1,0,1,0
314197936,1,1,0,0
234050569,2,2,0,0
187838143,1,1,0,0
9009298,1,1,0,0
8755994,1,1,0,0
161649426,3,1,2,0
16215409,1,1,0,0
83278191,1,1,0,0
27980626,1,0,1,0
122503294,1,1,0,0
76601346,1,1,0,0
139859248,1,1,0,0
28313647,1,0,1,0
296107713,1,1,0,0
7279350,1,1,0,0
130434217,1,1,0,0
20863273,1,1,0,0
7785832,1,0,1,0
268618822,1,1,0,0
318753695,1,1,0,0
5282899,1,1,0,0
33873876,1,1,0,0
71508455,8,0,0,8
43617494,1,1,0,0
177481753,3,3,0,0
50377070,1,1,0,0
48322327,4,1,3,0
81742926,1,1,0,0
322298965,4,1,3,0
108174583,1,1,0,0
300627847,1,1,0,0
21761590,1,1,0,0
9647199,1,0,1,0
323951788,1,1,0,0
78019730,1,1,0,0
536455,1,1,0,0
180214777,1,1,0,0
19174246,1,1,0,0
1415268,1,1,0,0
84513560,1,1,0,0
1402804,2,0,2,0
16509981,1,1,0,0
59181775,1,1,0,0
14202487,1,1,0,0
325376163,1,0,1,0
325658653,1,1,0,0
30577800,1,1,0,0
63400986,1,1,0,0
129136658,1,1,0,0
37719229,1,1,0,0
125128760,1,1,0,0
158159778,3,3,0,0
327803168,1,1,0,0
438059009,1,1,0,0
35590783,1,0,1,0
103857108,1,0,1,0
48088325,1,0,1,0
103493229,1,1,0,0
64323988,2,2,0,0
23346538,2,2,0,0
91012218,1,1,0,0
26130266,1,1,0,0
5354955,1,1,0,0
15607339,1,0,1,0
4447805,1,1,0,0
331173382,1,1,0,0
211991128,1,0,1,0
4159134,4,4,0,0
316450406,4,0,4,0
34372300,1,1,0,0
67517380,2,2,0,0
8899745,1,1,0,0
8760797,1,1,0,0
330887505,1,1,0,0
9683119,2,2,0,0
83641547,1,1,0,0
333566085,1,1,0,0
77741012,1,1,0,0
302625858,1,1,0,0
60099307,1,1,0,0
334508303,1,1,0,0
19805319,1,1,0,0
335606894,1,1,0,0
324906850,10,0,9,1
25861453,2,1,1,0
335906352,1,1,0,0
138404250,1,1,0,0
84747357,1,1,0,0
336446574,1,1,0,0
336832501,1,0,1,0
154338237,1,1,0,0
337742669,1,1,0,0
32871986,1,0,1,0
85895899,1,1,0,0
51727942,1,1,0,0
217039487,1,1,0,0
16840318,1,1,0,0
338670633,2,2,0,0
187378476,2,2,0,0
65744549,1,1,0,0
188700932,1,1,0,0
338992434,1,0,1,0
339156241,1,1,0,0
95748990,2,2,0,0
38557368,1,1,0,0
969238,1,1,0,0
10158167,1,1,0,0
2506509,1,1,0,0
59034527,3,2,1,0
265853584,1,1,0,0
340185300,1,1,0,0
27837666,2,2,0,0
78313180,1,1,0,0
300968567,1,1,0,0
151460226,1,1,0,0
92530595,1,1,0,0
64796239,1,1,0,0
24022538,1,1,0,0
17285506,2,0,2,0
13165562,1,1,0,0
28968825,1,1,0,0
156491119,1,1,0,0
12541419,1,0,1,0
21850862,1,1,0,0
24869901,1,1,0,0
339505596,1,1,0,0
7650266,60,60,0,0
66832336,1,1,0,0
138563056,1,0,1,0
8737310,1,1,0,0
11015446,1,1,0,0
314232346,1,1,0,0
345980734,1,1,0,0
120873899,1,1,0,0
170280723,4,4,0,0
346644486,2,2,0,0
346661704,3,2,1,0
346713306,1,1,0,0
61371355,1,1,0,0
346901804,1,1,0,0
75487604,1,1,0,0
18107537,1,1,0,0
80553903,2,2,0,0
66356573,1,1,0,0
348591875,1,1,0,0
348780983,1,1,0,0
348781531,1,1,0,0
348781150,1,1,0,0
348783997,1,1,0,0
349110258,1,1,0,0
17970511,1,1,0,0
951119,1,1,0,0
22735045,1,1,0,0
70709146,1,1,0,0
3750769,1,1,0,0
183975299,1,1,0,0
6320930,1,1,0,0
6762981,1,1,0,0
28998266,1,1,0,0
40622360,3,0,3,0
1219601,1,1,0,0
15888547,1,0,1,0
354281383,1,0,1,0
356027852,2,2,0,0
3404490,1,1,0,0
176970521,4,0,4,0
227194376,16,16,0,0
4431837,1,1,0,0
67772223,1,0,1,0
36803807,1,1,0,0
73794838,1,0,1,0
127034950,6,6,0,0
7302648,1,1,0,0
227205021,1,1,0,0
270957643,1,1,0,0
142483193,1,1,0,0
2401817,1,0,1,0
10181718,1,1,0,0
360585434,1,1,0,0
22088881,1,1,0,0
14359760,1,1,0,0
1644999,1,1,0,0
4999841,1,1,0,0
359216561,1,1,0,0
14488963,1,1,0,0
292538124,3,2,1,0
146834938,1,0,1,0
14398760,1,1,0,0
34318392,1,1,0,0
203125886,2,2,0,0
33378245,2,2,0,0
18262422,1,1,0,0
172416408,1,1,0,0
364922886,1,1,0,0
6347407,1,1,0,0
364978049,1,1,0,0
15727204,1,1,0,0
365518322,1,0,0,1
124833761,1,1,0,0
10124757,1,1,0,0
56708981,1,1,0,0
366169291,1,1,0,0
366703889,1,1,0,0
16561471,1,1,0,0
3575794,1,1,0,0
111464268,1,1,0,0
28920362,1,0,1,0
188185624,1,1,0,0
58104446,1,1,0,0
225239104,1,1,0,0
309580714,3,0,0,3
231133074,2,2,0,0
283851100,1,1,0,0
109702292,1,1,0,0
344075817,1,0,1,0
10523670,1,1,0,0
89232128,1,1,0,0
225646907,1,1,0,0
44080778,1,1,0,0
16309787,1,1,0,0
369329549,1,1,0,0
364504165,1,0,0,1
11908499,1,1,0,0
69251153,1,1,0,0
337020834,3,0,3,0
265526653,1,1,0,0
187954463,1,1,0,0
21259422,1,1,0,0
2063724,1,1,0,0
83409288,1,1,0,0
370943658,1,1,0,0
17945482,1,0,1,0
10530921,4,4,0,0
60528043,1,1,0,0
371433251,1,1,0,0
5379812,1,1,0,0
361618375,2,2,0,0
371996493,1,1,0,0
371873412,1,1,0,0
249000483,2,1,1,0
4398452,2,2,0,0
323097738,1,1,0,0
18607577,1,1,0,0
1459127,1,1,0,0
99501395,2,2,0,0
143212276,2,2,0,0
337758783,1,1,0,0
202132693,1,1,0,0
10367964,1,1,0,0
310074919,1,1,0,0
257539140,8,8,0,0
100507452,1,1,0,0
373345952,2,2,0,0
56696655,1,1,0,0
21701933,1,1,0,0
185152492,1,1,0,0
374098287,1,1,0,0
21446876,2,2,0,0
17115030,1,1,0,0
125855620,1,1,0,0
315044656,2,2,0,0
11622522,1,1,0,0
38197351,1,0,1,0
152998344,1,1,0,0
755980,1,1,0,0
305689325,1,0,1,0
10532814,3,3,0,0
22758479,2,2,0,0
22490527,3,3,0,0
20281003,1,1,0,0
11162265,1,1,0,0
10235756,1,1,0,0
4870160,1,1,0,0
1380039,1,1,0,0
23789531,1,1,0,0
94980211,1,1,0,0
58265430,1,1,0,0
64478789,1,1,0,0
256002976,1,1,0,0
374927098,1,1,0,0
7100311,3,3,0,0
2470545,1,1,0,0
251085501,3,3,0,0
21566476,1,1,0,0
19223788,1,1,0,0
163825346,1,1,0,0
62170628,1,1,0,0
177743379,1,1,0,0
4641615,1,1,0,0
1568403,1,1,0,0
63742377,1,1,0,0
11649040,1,1,0,0
32231912,2,2,0,0
102415327,1,0,1,0
377727739,1,1,0,0
83107565,1,1,0,0
377872008,1,1,0,0
37052041,1,1,0,0
378002958,2,1,1,0
41281386,1,0,1,0
378025803,1,1,0,0
12197133,1,1,0,0
60649946,1,1,0,0
237513660,1,1,0,0
143747351,1,1,0,0
2216426,1,1,0,0
133265206,6,6,0,0
18737347,1,1,0,0
131603240,1,1,0,0
180330203,1,1,0,0
12029413,4,4,0,0
55133178,1,1,0,0
15057383,1,1,0,0
379861055,1,1,0,0
33197499,1,1,0,0
78830550,1,1,0,0
36168268,1,1,0,0
340259440,1,1,0,0
61643,5,2,3,0
380302583,1,1,0,0
10017908,1,1,0,0
78253263,1,1,0,0
96405474,1,1,0,0
21168927,1,1,0,0
381345645,1,1,0,0
381431546,1,1,0,0
38294216,4,0,4,0
3899061,1,1,0,0
43650529,1,1,0,0
42392692,1,1,0,0
202557984,1,0,1,0
27553005,1,1,0,0
30729259,1,1,0,0
14656848,3,3,0,0
382254944,1,1,0,0
83079561,1,0,1,0
68062915,1,1,0,0
14837887,1,1,0,0
44126772,1,1,0,0
377569030,1,1,0,0
16470890,1,1,0,0
13615800,1,0,1,0
26138890,1,1,0,0
134907083,1,0,1,0
39698405,1,1,0,0
383058773,1,1,0,0
13401741,1,1,0,0
41509137,1,1,0,0
38694549,1,0,1,0
19003407,1,1,0,0
121774640,1,1,0,0
383399604,1,1,0,0
2838210,1,1,0,0
383776222,3,0,3,0
140643176,1,1,0,0
383928857,2,2,0,0
147716131,1,0,1,0
2770879,1,1,0,0
131426756,2,2,0,0
384301691,2,2,0,0
29565392,1,0,1,0
4806659,2,1,1,0
147645033,1,1,0,0
233754503,1,1,0,0
331248479,1,1,0,0
5404437,1,1,0,0
39850902,1,1,0,0
386101761,38,0,38,0
386054308,1,1,0,0
9244975,1,1,0,0
386610352,5,5,0,0
38618744,1,1,0,0
386999455,1,1,0,0
55049955,1,1,0,0
120455802,2,2,0,0
6949069,1,1,0,0
47878212,1,1,0,0
120446639,1,1,0,0
213035017,1,0,1,0
97552590,1,1,0,0
22296770,1,1,0,0
70950157,1,0,1,0
389033179,1,1,0,0
380753283,2,2,0,0
125692471,1,1,0,0
4407953,1,1,0,0
32795375,1,1,0,0
389526216,1,1,0,0
349531567,3,3,0,0
44113859,2,2,0,0
133589962,1,1,0,0
7118788,1,1,0,0
4397261,1,0,1,0
390351352,1,1,0,0
83405429,1,1,0,0
390715152,1,1,0,0
389664429,5,5,0,0
111101312,1,1,0,0
390913090,1,1,0,0
18043397,2,2,0,0
2730653,1,1,0,0
207880537,1,1,0,0
392164706,7,6,1,0
392721148,1,1,0,0
1583329,1,1,0,0
24877097,1,1,0,0
246893889,1,1,0,0
18291581,1,0,1,0
392084046,5,0,5,0
219543338,1,1,0,0
7072098,1,1,0,0
393323648,1,1,0,0
359515893,1,1,0,0
12923983,1,1,0,0
27542963,1,1,0,0
72125715,1,1,0,0
103480243,1,1,0,0
18944892,1,1,0,0
301871335,1,1,0,0
26386547,1,1,0,0
18009539,1,1,0,0
394568651,1,1,0,0
79165412,1,1,0,0
53759249,1,1,0,0
323773287,1,1,0,0
145090152,1,1,0,0
63917838,2,2,0,0
31286289,2,2,0,0
1745073,1,1,0,0
5325410,1,1,0,0
395317323,1,1,0,0
3841035,2,2,0,0
105831547,1,1,0,0
6665056,1,1,0,0
395909309,9,9,0,0
56848058,1,1,0,0
396221659,1,1,0,0
192381457,1,1,0,0
31913498,1,1,0,0
40974233,1,1,0,0
301089000,1,0,1,0
37178679,1,1,0,0
396968672,1,1,0,0
45659914,3,1,2,0
5615582,12,0,12,0
203981683,3,1,2,0
398300809,1,1,0,0
27882122,1,1,0,0
302163063,1,0,1,0
399587188,1,1,0,0
59977955,1,1,0,0
398508235,1,1,0,0
73406513,1,1,0,0
399217548,9,9,0,0
87582498,1,1,0,0
163251048,39,39,0,0
2568601,1,1,0,0
210785866,2,2,0,0
13242357,1,1,0,0
349251028,4,4,0,0
29656215,1,1,0,0
22618148,1,1,0,0
371830381,1,1,0,0
10763177,1,1,0,0
2413715,1,1,0,0
5556571,1,0,1,0
116245550,1,1,0,0
85373679,2,2,0,0
35328672,2,2,0,0
19744534,2,0,2,0
36971121,1,1,0,0
19007534,1,1,0,0
26279213,1,1,0,0
1809672,1,1,0,0
233628,1,1,0,0
48313848,1,1,0,0
47115433,2,0,2,0
400922360,1,1,0,0
363562533,1,1,0,0
2543537,1,1,0,0
40224110,1,1,0,0
67948802,1,1,0,0
183421640,2,2,0,0
25582718,1,1,0,0
402065431,2,2,0,0
14934973,2,2,0,0
220121717,1,1,0,0
161599427,2,2,0,0
43949129,1,1,0,0
2031491,1,1,0,0
2139705,1,1,0,0
79931328,1,1,0,0
403217194,2,2,0,0
30011547,1,1,0,0
88457546,1,1,0,0
61376819,1,1,0,0
403856732,1,1,0,0
404075804,3,0,3,0
339486965,1,1,0,0
28254191,1,1,0,0
404037551,4,0,4,0
404404580,1,1,0,0
10208831,1,1,0,0
238728111,6,1,0,5
404766802,1,1,0,0
268173853,1,1,0,0
65677230,1,1,0,0
1299819,1,1,0,0
8165015,1,1,0,0
405397184,1,1,0,0
405610955,1,1,0,0
8803996,1,1,0,0
185885740,5,1,4,0
17922516,1,1,0,0
120149490,1,1,0,0
63204398,3,3,0,0
169109637,1,1,0,0
23556804,1,0,1,0
402727736,1,1,0,0
6969353,1,1,0,0
10993405,1,1,0,0
407496166,1,1,0,0
339083680,1,0,1,0
19214127,4,4,0,0
4254411,4,0,4,0
11092457,1,1,0,0
286957279,1,1,0,0
449028,1,1,0,0
408355532,1,1,0,0
30005195,1,1,0,0
228007700,1,1,0,0
408774276,1,1,0,0
11028246,2,1,1,0
87705527,1,1,0,0
663380,1,1,0,0
9795466,1,1,0,0
409137827,2,2,0,0
25138314,28,9,19,0
86206863,1,1,0,0
105386672,1,1,0,0
2627841,1,1,0,0
11443794,2,2,0,0
9746302,1,1,0,0
57511692,1,0,1,0
2298713,1,1,0,0
28274998,10,10,0,0
33522984,1,1,0,0
136047340,1,0,1,0
34607703,1,1,0,0
269872084,2,1,1,0
411041961,1,1,0,0
31791599,1,1,0,0
23805559,1,1,0,0
1934857,1,1,0,0
181205324,3,3,0,0
412101905,1,1,0,0
1927771,1,1,0,0
400152336,1,1,0,0
38051218,2,2,0,0
135559842,1,1,0,0
413419459,1,1,0,0
77808209,1,1,0,0
19510846,1,1,0,0
2672782,1,1,0,0
14948112,1,1,0,0
136909025,1,1,0,0
200622780,1,1,0,0
41149223,1,1,0,0
90603359,4,0,4,0
414531185,1,1,0,0
414561076,1,0,1,0
369362194,1,1,0,0
49939274,1,1,0,0
16970386,1,1,0,0
124402493,1,1,0,0
15513341,1,1,0,0
209151231,1,1,0,0
218477244,1,0,1,0
12599191,2,2,0,0
354095879,1,1,0,0
44093503,1,1,0,0
410769692,2,2,0,0
44838747,1,1,0,0
5055103,1,1,0,0
10112608,1,1,0,0
38254954,1,1,0,0
401943051,1,1,0,0
416907530,1,1,0,0
415795947,3,1,2,0
360380092,5,5,0,0
417050154,1,1,0,0
2841377,1,1,0,0
12524531,5,3,2,0
492187,1,1,0,0
401961204,1,0,1,0
39631646,1,1,0,0
335736622,1,1,0,0
162610060,1,1,0,0
34926050,1,1,0,0
401132548,2,0,2,0
362347983,1,1,0,0
362858420,4,4,0,0
100976376,1,1,0,0
32578518,1,1,0,0
6456954,1,1,0,0
289530223,1,1,0,0
262338822,3,2,1,0
308129944,1,1,0,0
376520262,1,1,0,0
372516832,1,1,0,0
68206025,2,2,0,0
46648299,1,1,0,0
220804341,2,2,0,0
39175326,1,1,0,0
419886943,1,1,0,0
419986173,2,1,1,0
109900699,1,1,0,0
33913295,1,1,0,0
13078544,1,1,0,0
3481443,1,1,0,0
58515676,1,1,0,0
24879478,1,1,0,0
420859375,2,2,0,0
27317683,1,1,0,0
2609208,1,1,0,0
421112971,1,1,0,0
91089176,1,1,0,0
404692244,2,2,0,0
592884,1,1,0,0
421782658,1,1,0,0
22698146,1,0,0,1
25387414,4,2,2,0
19352661,1,0,1,0
754478,1,1,0,0
422122683,1,1,0,0
867604,1,1,0,0
33152962,4,4,0,0
422922777,1,1,0,0
260031923,1,1,0,0
75613827,1,1,0,0
57820988,3,3,0,0
423624522,1,1,0,0
3003826,1,0,1,0
2854966,1,1,0,0
1262027,1,1,0,0
107201419,1,1,0,0
202075543,4,4,0,0
422034582,4,4,0,0
319869874,1,1,0,0
108922953,1,1,0,0
414723727,1,0,1,0
348027338,1,1,0,0
121678667,1,0,1,0
46083900,1,1,0,0
72697395,6,2,4,0
208443342,2,2,0,0
425200126,2,2,0,0
26527411,1,1,0,0
31790638,3,3,0,0
1686868,1,1,0,0
425626021,1,1,0,0
22657047,1,1,0,0
1001274,4,2,2,0
265215187,1,1,0,0
78181491,1,1,0,0
402481313,1,1,0,0
100213298,1,1,0,0
49183292,1,1,0,0
36818026,1,1,0,0
28591013,1,1,0,0
415808927,1,0,1,0
42059945,1,1,0,0
18111117,1,1,0,0
14655333,1,1,0,0
25264605,1,1,0,0
427126438,1,1,0,0
11048022,1,1,0,0
427258762,1,1,0,0
21960076,1,1,0,0
63868581,1,1,0,0
269562268,1,0,1,0
425872797,1,1,0,0
427535501,1,1,0,0
35030043,2,2,0,0
427859229,1,1,0,0
125071618,1,1,0,0
132896974,1,1,0,0
9021333,1,1,0,0
403684038,1,1,0,0
6425216,1,1,0,0
2242913,2,2,0,0
429001229,5,5,0,0
374496026,1,1,0,0
426999671,1,1,0,0
254439388,1,1,0,0
427844796,1,1,0,0
425807899,1,1,0,0
59981531,1,1,0,0
429389318,2,2,0,0
109042782,1,1,0,0
429944122,1,1,0,0
428680161,1,1,0,0
430297861,1,1,0,0
2928282,1,1,0,0
51851446,1,1,0,0
430255085,1,1,0,0
61293420,2,1,1,0
10473230,1,0,1,0
3811644,1,1,0,0
20906675,1,1,0,0
78806399,1,1,0,0
15585800,2,2,0,0
42699718,1,1,0,0
170244027,1,1,0,0
7040556,1,1,0,0
423601383,1,1,0,0
5353840,1,1,0,0
1807142,5,5,0,0
376315368,1,1,0,0
380178701,1,1,0,0
432475830,1,1,0,0
18761839,1,1,0,0
21418268,1,1,0,0
4617,2,2,0,0
418489322,9,0,9,0
206173,1,1,0,0
21780601,1,1,0,0
433036056,2,2,0,0
433178509,1,1,0,0
253475234,1,1,0,0
398082930,1,1,0,0
433587286,1,1,0,0
31434901,1,1,0,0
108115693,1,1,0,0
22861210,1,1,0,0
308132049,2,0,2,0
14078959,1,0,1,0
73560272,1,0,1,0
12778358,1,1,0,0
437660791,15,3,12,0
25416348,1,1,0,0
297174078,1,1,0,0
32753903,1,0,1,0
1191691,1,1,0,0
153827050,1,1,0,0
435063804,1,1,0,0
42417831,1,0,1,0
33836600,1,1,0,0
65541344,1,0,1,0
9315090,1,1,0,0
277469021,1,1,0,0
9944650,1,1,0,0
364444003,2,2,0,0
400356228,1,1,0,0
261810912,1,1,0,0
29480888,1,1,0,0
436143401,1,1,0,0
419191970,1,1,0,0
359223600,1,1,0,0
91698747,1,1,0,0
34447249,1,1,0,0
57955741,4,4,0,0
28885555,1,0,1,0
19357594,1,1,0,0
163562425,1,0,1,0
32905567,1,1,0,0
412997518,1,1,0,0
71458027,1,1,0,0
437540964,1,1,0,0
2519404,1,0,1,0
437763171,1,1,0,0
378152763,1,1,0,0
41661281,2,2,0,0
415803032,1,1,0,0
438341341,4,0,4,0
226881246,1,1,0,0
266345463,1,1,0,0
35956277,1,1,0,0
395664930,3,3,0,0
2954143,2,2,0,0
200495715,1,1,0,0
29638782,1,1,0,0
434155323,1,1,0,0
1652097,1,1,0,0
439120968,1,1,0,0
352065892,1,1,0,0
439414051,1,1,0,0
439435037,1,0,1,0
73420854,1,1,0,0
11664032,1,1,0,0
10350810,1,1,0,0
16436014,1,1,0,0
428490343,1,1,0,0
1535142,1,1,0,0
33431362,1,1,0,0
440152831,1,1,0,0
2356419,1,1,0,0
141191872,2,2,0,0
440374811,1,1,0,0
54084363,1,1,0,0
71905712,1,1,0,0
283033673,1,1,0,0
17521330,1,1,0,0
395672427,7,7,0,0
441324991,1,1,0,0
29347599,1,1,0,0
213210703,1,1,0,0
175502472,1,1,0,0
22534141,1,1,0,0
114772,1,1,0,0
99068815,1,1,0,0
361241838,2,1,1,0
3421119,1,1,0,0
64542605,1,1,0,0
2571303,1,0,1,0
25024295,1,1,0,0
54393273,1,1,0,0
247775663,1,1,0,0
437564356,1,1,0,0
442560628,1,1,0,0
30697768,1,1,0,0
442709190,2,1,1,0
442845875,1,1,0,0
83468943,1,1,0,0
115506541,1,1,0,0
63132568,1,1,0,0
443316192,2,2,0,0
192912487,1,0,1,0
440367780,1,1,0,0
443876843,1,1,0,0
444083281,1,1,0,0
128152968,1,1,0,0
162673624,1,1,0,0
69264264,1,1,0,0
1311687,1,1,0,0
248536632,1,1,0,0
288477611,2,2,0,0
416564437,2,2,0,0
4871945,1,1,0,0
424079606,1,1,0,0
52048429,2,2,0,0
122434260,1,0,1,0
441249491,2,2,0,0
445252866,1,1,0,0
445294036,1,1,0,0
23827609,1,1,0,0
174791615,2,0,2,0
49129765,1,1,0,0
446186741,1,1,0,0
96202901,1,1,0,0
2112154,1,1,0,0
57019204,1,1,0,0
144826808,1,1,0,0
446615875,10,2,8,0
5844890,1,1,0,0
442961192,2,2,0,0
447257657,1,1,0,0
447301818,1,1,0,0
447320269,1,1,0,0
5078224,1,1,0,0
436326862,1,1,0,0
16274393,2,1,1,0
448698749,2,2,0,0
96470695,1,1,0,0
76625968,1,1,0,0
112449954,1,1,0,0
8753048,1,1,0,0
449441663,1,1,0,0
413567789,1,1,0,0
222603,2,2,0,0
250952462,1,1,0,0
24689130,1,1,0,0
22252069,1,1,0,0
73975548,1,0,1,0
80453513,1,1,0,0
82184603,1,1,0,0
164996573,1,1,0,0
450914198,1,1,0,0
277679553,1,1,0,0
25654521,1,1,0,0
106768004,2,2,0,0
304917572,2,1,1,0
34583501,8,0,8,0
80883993,1,1,0,0
4325061,1,1,0,0
131934644,1,1,0,0
91145909,1,1,0,0
59506316,1,1,0,0
451627238,1,1,0,0
44101160,1,1,0,0
451826601,1,1,0,0
432681140,8,1,7,0
196241275,1,1,0,0
351398058,3,2,1,0
452163490,1,1,0,0
81005284,2,2,0,0
141344806,3,3,0,0
66370024,1,1,0,0
268854084,1,1,0,0
59033596,1,1,0,0
55823592,1,1,0,0
5420634,1,1,0,0
368975494,1,1,0,0
66522370,1,1,0,0
21899862,1,1,0,0
1479464,1,0,1,0
16248377,1,1,0,0
110733273,1,1,0,0
335499521,1,1,0,0
11338469,1,1,0,0
178022216,1,1,0,0
47671202,1,1,0,0
164517974,1,1,0,0
76232156,1,1,0,0
49673813,1,0,1,0
454289951,2,2,0,0
18794485,1,1,0,0
5827627,1,1,0,0
88361686,1,1,0,0
79111504,1,1,0,0
34958033,1,1,0,0
31357083,1,0,1,0
387845145,1,1,0,0
14120961,1,0,1,0
450911888,1,1,0,0
143609796,1,1,0,0
22737822,1,1,0,0
54276042,1,1,0,0
61862691,1,1,0,0
81155597,1,1,0,0
72755484,2,2,0,0
382449499,1,1,0,0
456232621,1,1,0,0
242568725,2,2,0,0
6743344,1,1,0,0
55670814,1,1,0,0
52730319,1,0,1,0
174792040,15,0,15,0
293726105,2,1,1,0
10035001,1,1,0,0
4388602,1,1,0,0
456983037,6,0,6,0
101553179,1,1,0,0
457455628,1,1,0,0
457642329,1,1,0,0
68306789,1,1,0,0
238095040,1,1,0,0
44085998,1,1,0,0
366114033,1,1,0,0
458073978,1,0,1,0
317149310,1,1,0,0
275174241,1,1,0,0
178514298,1,0,1,0
109403875,2,2,0,0
176271289,1,1,0,0
458825016,1,1,0,0
115413684,1,1,0,0
455256527,1,1,0,0
334404495,1,1,0,0
443373037,1,1,0,0
426417706,1,1,0,0
5196537,1,1,0,0
451737850,1,1,0,0
514600481,3,0,3,0
2917460,1,1,0,0
459619555,1,1,0,0
48341025,1,1,0,0
4971472,1,0,1,0
166887737,1,1,0,0
362847001,1,1,0,0
9874094,1,1,0,0
460781406,1,1,0,0
24463960,1,1,0,0
726460,1,1,0,0
163861461,1,1,0,0
26530597,1,1,0,0
52708925,1,0,1,0
4175742,1,1,0,0
31940535,1,1,0,0
36754651,1,1,0,0
413366800,2,2,0,0
146960913,1,0,1,0
4693826,1,1,0,0
459392781,3,3,0,0
3379046,1,1,0,0
36312048,1,1,0,0
432386568,7,1,6,0
401218228,2,2,0,0
329870519,1,1,0,0
22795221,1,1,0,0
442110827,2,2,0,0
4263040,1,1,0,0
463693684,1,1,0,0
54801228,1,1,0,0
76999451,1,1,0,0
2878981,1,1,0,0
156115710,1,1,0,0
464139430,8,0,8,0
464218291,1,1,0,0
19806535,1,1,0,0
27278619,1,1,0,0
391013117,1,1,0,0
39452230,1,1,0,0
3614842,1,1,0,0
958586,1,0,1,0
16129722,1,1,0,0
36754485,1,0,1,0
32752472,1,1,0,0
65476100,1,1,0,0
168725305,1,1,0,0
101228855,1,1,0,0
7705017,1,1,0,0
7079173,1,1,0,0
461866282,5,5,0,0
61291161,1,1,0,0
267093301,1,1,0,0
51510699,1,1,0,0
161710995,1,1,0,0
56129459,1,1,0,0
466036665,2,2,0,0
148130914,3,3,0,0
208752845,2,2,0,0
48253186,2,0,2,0
466427054,1,1,0,0
26416938,1,1,0,0
466457646,2,2,0,0
466570996,1,1,0,0
49629118,1,1,0,0
466672560,3,3,0,0
466834966,1,1,0,0
8499496,1,1,0,0
172702772,1,1,0,0
64532749,1,1,0,0
9241616,1,1,0,0
45105443,1,1,0,0
341879343,1,1,0,0
364182158,1,1,0,0
468376503,1,1,0,0
280895,1,1,0,0
94530127,1,1,0,0
16682882,1,1,0,0
247313123,1,0,1,0
468874157,1,1,0,0
128604644,1,1,0,0
292627688,1,1,0,0
513603934,3,3,0,0
5527210,1,1,0,0
280371648,1,1,0,0
22345741,1,1,0,0
469641346,1,0,1,0
48851132,1,1,0,0
470236426,1,1,0,0
470409316,1,1,0,0
261762982,2,2,0,0
134046,1,0,1,0
4018160,1,1,0,0
1547715,1,1,0,0
435236518,1,0,1,0
49420626,1,1,0,0
426021057,1,0,1,0
353152177,3,3,0,0
72132214,1,1,0,0
43143566,1,1,0,0
139711721,1,1,0,0
121342487,2,2,0,0
24615909,1,1,0,0
472636668,1,1,0,0
376678366,2,2,0,0
452896472,1,1,0,0
6259510,1,1,0,0
4907279,1,1,0,0
117958576,1,1,0,0
49510866,2,2,0,0
48430258,2,2,0,0
16547546,1,1,0,0
360941391,4,4,0,0
386682302,2,2,0,0
12126524,1,1,0,0
9877323,1,1,0,0
474343656,1,1,0,0
158126649,1,1,0,0
448001121,1,1,0,0
416777308,2,2,0,0
162463224,1,1,0,0
71455448,1,1,0,0
126630924,2,2,0,0
15304970,1,1,0,0
115176562,1,1,0,0
163614407,1,1,0,0
2999039,1,0,1,0
85981799,1,1,0,0
118897009,1,1,0,0
181671548,2,2,0,0
30791791,1,1,0,0
22173461,1,1,0,0
18391363,1,1,0,0
72324225,2,2,0,0
20410885,1,1,0,0
18257723,1,1,0,0
10602097,1,1,0,0
109759161,1,1,0,0
185073494,1,1,0,0
215565541,1,0,1,0
472038137,1,1,0,0
476877081,1,1,0,0
446344132,1,1,0,0
477470516,1,1,0,0
477583476,1,1,0,0
14801552,1,1,0,0
168253030,1,1,0,0
477856610,1,1,0,0
208064786,1,1,0,0
478034560,1,1,0,0
119073497,1,1,0,0
478241933,1,1,0,0
444177183,1,1,0,0
10137243,1,1,0,0
478304176,1,1,0,0
478854915,2,2,0,0
479313312,1,1,0,0
18353179,2,0,2,0
166149187,1,1,0,0
150017454,4,1,3,0
2577711,1,1,0,0
62969643,1,1,0,0
253075736,1,1,0,0
469509617,3,3,0,0
479677537,20,4,16,0
475690891,2,0,2,0
475751686,2,0,2,0
73186059,1,0,1,0
184627696,2,2,0,0
78343666,1,1,0,0
4222740,1,1,0,0
27946960,1,1,0,0
22094228,1,1,0,0
2646613,1,1,0,0
481329106,1,1,0,0
87407920,1,1,0,0
4431073,1,1,0,0
481450323,1,1,0,0
97380647,1,1,0,0
201942102,1,1,0,0
5098569,1,1,0,0
52866506,1,1,0,0
481760027,1,1,0,0
110602437,1,1,0,0
465622456,1,1,0,0
34933563,1,1,0,0
71220366,1,1,0,0
18715163,1,1,0,0
373768021,2,2,0,0
108751582,1,1,0,0
34851986,1,1,0,0
14324494,1,1,0,0
149714218,1,1,0,0
482628161,5,3,2,0
6758479,1,1,0,0
482858079,1,1,0,0
482937984,2,2,0,0
32630954,1,1,0,0
483102320,1,1,0,0
7990884,1,1,0,0
1497929,1,1,0,0
483506442,1,1,0,0
56743782,1,1,0,0
4392699,1,1,0,0
483710543,2,2,0,0
52369580,1,1,0,0
484050646,2,2,0,0
415835828,1,1,0,0
243739595,1,1,0,0
484300464,1,1,0,0
16634686,1,1,0,0
328240103,1,1,0,0
184143487,1,1,0,0
9391178,2,2,0,0
107075015,1,0,1,0
87385799,1,1,0,0
16279691,1,1,0,0
8503228,1,1,0,0
33685401,2,2,0,0
466690931,4,0,4,0
427821215,1,1,0,0
485830841,1,1,0,0
353735066,1,1,0,0
26112700,1,1,0,0
81723616,1,1,0,0
1625749,1,1,0,0
486683380,1,1,0,0
430298215,1,1,0,0
486756357,1,1,0,0
9944414,1,1,0,0
367480436,1,1,0,0
458318467,1,1,0,0
486960509,1,1,0,0
27659990,1,1,0,0
19291209,1,1,0,0
203386205,1,1,0,0
226254381,1,1,0,0
147435774,1,1,0,0
53298871,1,1,0,0
6653570,1,1,0,0
163696636,1,1,0,0
32378753,1,1,0,0
296689680,1,1,0,0
192058151,1,1,0,0
247090104,3,1,2,0
23630423,4,4,0,0
307567026,1,1,0,0
49254665,1,1,0,0
1162748,1,1,0,0
61647353,1,1,0,0
390256204,18,4,14,0
489362461,1,1,0,0
325414537,2,1,1,0
52049993,1,1,0,0
13500300,1,0,1,0
24222354,1,1,0,0
23319440,1,1,0,0
385678226,1,0,1,0
129029545,1,1,0,0
5370852,1,1,0,0
25033059,1,1,0,0
489321332,9,9,0,0
423385,1,1,0,0
24578622,1,1,0,0
47077025,1,1,0,0
11697746,1,1,0,0
93761864,2,2,0,0
30493939,1,1,0,0
35860434,1,1,0,0
137204614,1,1,0,0
604971,1,1,0,0
70073336,1,1,0,0
38648,1,1,0,0
21897642,1,1,0,0
491331615,1,0,1,0
139820864,1,1,0,0
491550504,1,1,0,0
153360402,2,0,2,0
491573760,1,1,0,0
491998018,2,2,0,0
51446803,2,2,0,0
492204548,1,1,0,0
235029370,1,1,0,0
76492557,2,2,0,0
52458774,1,1,0,0
38923544,1,1,0,0
476375,2,0,2,0
493134238,2,1,1,0
493281493,1,0,1,0
99322541,1,1,0,0
493876892,1,1,0,0
493926224,9,0,9,0
428602327,4,0,4,0
19541671,1,0,1,0
29635241,1,1,0,0
494348542,1,1,0,0
202074549,1,1,0,0
494644476,1,1,0,0
494782176,1,1,0,0
85633762,1,1,0,0
490973111,1,1,0,0
175520142,1,1,0,0
3571862,1,1,0,0
243856229,1,1,0,0
60575106,1,1,0,0
229876188,1,1,0,0
495539223,1,1,0,0
10619214,1,0,1,0
30839458,1,1,0,0
7109366,1,1,0,0
457809187,3,3,0,0
495863276,1,1,0,0
131774930,1,1,0,0
355016189,2,1,1,0
107277648,1,1,0,0
290434201,1,1,0,0
130306212,1,1,0,0
497241328,1,0,1,0
77179645,1,1,0,0
2774098,1,1,0,0
30866030,1,1,0,0
985435,1,1,0,0
20769661,1,1,0,0
232606161,1,1,0,0
138329,1,1,0,0
2009842,1,1,0,0
498011443,1,1,0,0
498095912,1,0,1,0
6717895,1,1,0,0
498296831,1,1,0,0
421314674,1,0,0,1
498576258,3,0,3,0
282571,1,1,0,0
498618976,1,1,0,0
93622599,1,1,0,0
168456441,3,0,3,0
29169433,1,1,0,0
19869237,1,1,0,0
385011054,1,1,0,0
499403539,1,1,0,0
499581688,2,2,0,0
62474126,1,1,0,0
21735221,1,1,0,0
500433937,1,1,0,0
74719254,1,1,0,0
11553496,1,1,0,0
492182231,1,1,0,0
30292785,1,1,0,0
191372290,1,1,0,0
194950459,1,1,0,0
54079714,1,1,0,0
70323040,1,1,0,0
34856644,2,1,1,0
483187707,1,1,0,0
494530703,1,1,0,0
1466084,2,1,1,0
79762960,1,0,1,0
282934485,1,1,0,0
53500538,32,32,0,0
501998814,5,1,4,0
501428596,1,1,0,0
502063945,1,1,0,0
337050068,3,3,0,0
502356395,2,2,0,0
5538553,1,1,0,0
51803920,2,2,0,0
47921820,1,0,1,0
140624598,1,1,0,0
255864238,2,2,0,0
45245638,1,1,0,0
346220065,1,0,1,0
30956786,1,1,0,0
4993788,1,1,0,0
87846806,1,1,0,0
56034842,1,1,0,0
502923600,1,1,0,0
22936195,3,3,0,0
747404,1,1,0,0
503128124,1,1,0,0
2672749,1,1,0,0
353203626,1,1,0,0
54194447,1,1,0,0
24588708,1,1,0,0
50949458,1,1,0,0
114871084,1,1,0,0
67506564,1,0,1,0
85745746,1,1,0,0
39482718,1,1,0,0
389204839,1,1,0,0
249515363,3,0,3,0
504296860,1,1,0,0
504539946,1,1,0,0
504540935,1,1,0,0
8267354,1,1,0,0
417880024,1,0,1,0
1676585,1,1,0,0
4872329,1,1,0,0
505237333,1,1,0,0
52862167,1,1,0,0
505131405,1,1,0,0
505709550,1,1,0,0
39592773,1,1,0,0
177084854,1,1,0,0
505882163,1,1,0,0
503919298,1,1,0,0
506345763,1,1,0,0
63016136,1,1,0,0
425019452,19,19,0,0
506759722,1,1,0,0
506789267,2,2,0,0
331049846,1,0,1,0
25621,1,1,0,0
228071809,14,8,6,0
507398810,1,1,0,0
501999514,12,0,12,0
22254869,3,3,0,0
27502265,1,1,0,0
508375807,1,1,0,0
19798023,2,2,0,0
500907286,1,0,1,0
127515562,1,1,0,0
431426196,1,1,0,0
384125675,1,1,0,0
45994551,1,1,0,0
869663,1,1,0,0
80888415,2,2,0,0
454241,1,1,0,0
10122089,1,1,0,0
49655827,1,1,0,0
1238901,1,1,0,0
18515584,5,2,3,0
509660311,1,0,1,0
66624629,1,1,0,0
34225322,1,1,0,0
36143043,1,0,1,0
4008680,1,1,0,0
510184155,6,6,0,0
510341453,3,3,0,0
11132733,1,1,0,0
73780679,1,1,0,0
510700017,1,1,0,0
510844575,2,0,2,0
432322041,3,3,0,0
466975290,2,2,0,0
350184884,1,1,0,0
222315358,1,1,0,0
123251329,1,1,0,0
12031843,1,0,1,0
132826528,1,1,0,0
61717768,1,1,0,0
34540785,2,0,2,0
511033691,2,2,0,0
510527057,6,6,0,0
419979867,1,0,1,0
492190376,1,1,0,0
144482916,1,1,0,0
512752407,1,1,0,0
376621327,1,1,0,0
432478326,4,1,3,0
149867769,1,1,0,0
68151418,1,1,0,0
513013124,1,1,0,0
511932461,67,67,0,0
26560058,1,0,1,0
331781309,2,0,2,0
63784212,2,2,0,0
52672838,1,1,0,0
30246487,3,0,3,0
4467159,1,1,0,0
513822124,1,1,0,0
164065446,1,1,0,0
459882167,2,2,0,0
68537395,1,1,0,0
52729907,1,1,0,0
59833065,1,1,0,0
183728537,1,0,1,0
206750300,1,1,0,0
450685657,1,1,0,0
514885581,1,1,0,0
678523,1,1,0,0
514878300,1,1,0,0
44361276,1,1,0,0
18806434,1,1,0,0
515339881,1,1,0,0
423283413,1,1,0,0
515350665,1,1,0,0
515009828,1,1,0,0
515535837,1,1,0,0
7382157,1,1,0,0
4957,1,1,0,0
211657930,1,1,0,0
1352994,1,1,0,0
360193862,1,1,0,0
217945744,1,1,0,0
58044170,1,1,0,0
60670598,1,1,0,0
114189133,1,1,0,0
15739609,1,1,0,0
516494104,1,1,0,0
445242170,5,1,4,0
143288158,1,1,0,0
516107852,2,2,0,0
30740500,1,1,0,0
517234982,1,1,0,0
4318127,1,1,0,0
162428147,1,1,0,0
517575272,1,1,0,0
114061391,2,2,0,0
517779954,1,1,0,0
47036580,1,1,0,0
397366263,1,1,0,0
518202573,2,2,0,0
11330505,1,1,0,0
35659792,1,1,0,0
2058237,1,0,1,0
62165426,1,1,0,0
380168633,1,1,0,0
518936192,2,1,1,0
28568357,1,1,0,0
27288099,1,1,0,0
7554608,1,1,0,0
68243762,1,1,0,0
5773347,1,1,0,0
456511812,1,1,0,0
55034774,1,1,0,0
84684984,1,1,0,0
520162362,1,1,0,0
420107927,1,1,0,0
520215789,1,1,0,0
520271488,1,1,0,0
274608536,1,1,0,0
520336856,1,1,0,0
5783249,1,1,0,0
15700946,2,2,0,0
12473426,1,1,0,0
10490341,1,1,0,0
178222552,2,2,0,0
459231442,3,3,0,0
196429300,1,1,0,0
19931161,1,1,0,0
27067985,1,1,0,0
47490567,1,1,0,0
506295098,1,1,0,0
110386053,1,1,0,0
20325272,1,1,0,0
78184094,1,1,0,0
307930656,1,1,0,0
28720932,1,1,0,0
43099681,1,0,1,0
102444892,1,1,0,0
26712070,1,1,0,0
132862009,2,1,1,0
381508492,2,1,1,0
5522576,1,1,0,0
32193186,1,1,0,0
42754318,1,1,0,0
448723910,2,2,0,0
523301217,1,1,0,0
429325782,1,1,0,0
523346566,1,1,0,0
483397298,1,1,0,0
101975326,1,1,0,0
523754555,1,0,1,0
523967463,5,0,5,0
523973774,1,1,0,0
147993764,1,1,0,0
6289090,1,1,0,0
340353494,1,1,0,0
8114980,1,1,0,0
495439249,16,0,16,0
524950739,1,1,0,0
524981690,1,1,0,0
138764698,2,2,0,0
51150261,1,1,0,0
99592151,1,1,0,0
477901062,1,1,0,0
20290390,1,1,0,0
45108608,1,1,0,0
64423169,1,1,0,0
55939338,1,0,1,0
51263921,1,1,0,0
439918633,1,1,0,0
509161053,1,1,0,0
520682304,1,1,0,0
65909341,1,1,0,0
88138189,1,1,0,0
526958997,10,10,0,0
19177772,1,1,0,0
81108690,1,1,0,0
526991657,1,1,0,0
198075994,1,1,0,0
51745288,1,1,0,0
522445512,1,0,1,0
506456886,1,1,0,0
53226489,1,1,0,0
15440801,2,1,1,0
300713937,1,1,0,0
527620391,1,1,0,0
527713147,1,1,0,0
31085948,1,1,0,0
528048366,4,1,3,0
528135981,3,3,0,0
767675,1,1,0,0
255457107,1,1,0,0
219169477,1,1,0,0
12744922,1,1,0,0
504829806,1,1,0,0
18560963,2,1,1,0
488885067,2,2,0,0
145868213,1,1,0,0
528229758,1,1,0,0
9563347,3,3,0,0
23266621,1,1,0,0
529359092,1,1,0,0
529724504,1,1,0,0
501580600,1,1,0,0
73720172,1,1,0,0
44203219,1,1,0,0
529859067,11,11,0,0
513374416,1,1,0,0
180358175,2,2,0,0
24186603,1,1,0,0
513265165,4,0,4,0
230042232,2,0,2,0
480701054,1,1,0,0
278028940,1,1,0,0
139824107,2,2,0,0
51222062,1,1,0,0
530943535,1,1,0,0
469870430,1,0,1,0
3507801,1,1,0,0
14786356,1,1,0,0
16720886,1,1,0,0
383281375,17,17,0,0
17040139,1,0,1,0
522253396,1,1,0,0
209524175,1,1,0,0
518490746,1,1,0,0
531726636,1,1,0,0
139477080,1,1,0,0
22233494,1,0,1,0
222913628,1,0,1,0
47903545,1,0,1,0
35483886,3,3,0,0
522739930,1,1,0,0
516341592,1,1,0,0
207813951,1,1,0,0
535490552,1,1,0,0
73853862,1,1,0,0
529487427,1,1,0,0
419492,1,1,0,0
211416188,1,1,0,0
102351927,1,1,0,0
13553911,1,1,0,0
72469415,1,1,0,0
451960338,1,0,1,0
160307058,1,1,0,0
534634479,1,1,0,0
75018684,1,1,0,0
4056500,1,1,0,0
74336050,1,1,0,0
17627526,1,1,0,0
131471227,1,0,1,0
332280469,1,0,1,0
36086646,1,0,1,0
10787965,1,0,1,0
52770249,1,1,0,0
534939517,1,1,0,0
125220122,1,1,0,0
535839073,1,1,0,0
86518557,2,1,1,0
535883005,1,1,0,0
300107731,1,1,0,0
204317958,1,1,0,0
525097238,1,1,0,0
485463162,1,1,0,0
158943257,1,1,0,0
351080856,1,1,0,0
7652899,1,1,0,0
33736673,1,1,0,0
